Sample	LIBRARY	UNPAIRED_READS_EXAMINED	READ_PAIRS_EXAMINED	SECONDARY_OR_SUPPLEMENTARY_RDS	UNMAPPED_READS	UNPAIRED_READ_DUPLICATES	READ_PAIR_DUPLICATES	READ_PAIR_OPTICAL_DUPLICATES	PERCENT_DUPLICATION	ESTIMATED_LIBRARY_SIZE
R10_S123915	Unknown Library	12506627.0	0.0	6032832.0	294419.0	11388974.0	0.0	0.0	0.910635	
R11_S123918	Unknown Library	15909592.0	0.0	7645952.0	548584.0	14839223.0	0.0	0.0	0.932722	
R12_S123917	Unknown Library	10320398.0	0.0	4868800.0	368709.0	9406888.0	0.0	0.0	0.911485	
R13_S123920	Unknown Library	9816597.0	0.0	4643842.0	267012.0	9009876.0	0.0	0.0	0.917821	
R14_S123919	Unknown Library	9860164.0	0.0	4887365.0	336271.0	9027161.0	0.0	0.0	0.915518	
R15_S123922	Unknown Library	8399983.0	0.0	4052096.0	247522.0	7614118.0	0.0	0.0	0.906444	
R16_S123921	Unknown Library	11213974.0	0.0	5551348.0	316225.0	10067816.0	0.0	0.0	0.897792	
R17_S123924	Unknown Library	11976116.0	0.0	6073044.0	433784.0	10706723.0	0.0	0.0	0.894006	
R18_S123923	Unknown Library	12171970.0	0.0	6136628.0	321712.0	11020290.0	0.0	0.0	0.905383	
R19_S123890	Unknown Library	13870166.0	0.0	6431858.0	347773.0	12699453.0	0.0	0.0	0.915595	
R1_S123908	Unknown Library	15070741.0	0.0	7335496.0	498741.0	13986462.0	0.0	0.0	0.928054	
R20_S123889	Unknown Library	10252900.0	0.0	4928759.0	255575.0	9315924.0	0.0	0.0	0.908614	
R21_S123892	Unknown Library	13430492.0	0.0	6229798.0	281972.0	12226700.0	0.0	0.0	0.910369	
R22_S123891	Unknown Library	11565385.0	0.0	5590002.0	272543.0	10373776.0	0.0	0.0	0.896968	
R23_S123894	Unknown Library	12074060.0	0.0	5811881.0	401141.0	11042290.0	0.0	0.0	0.914547	
R24_S123893	Unknown Library	21583522.0	0.0	10617125.0	595417.0	20126601.0	0.0	0.0	0.932498	
R25_S123896	Unknown Library	9738694.0	0.0	4745841.0	257648.0	8650877.0	0.0	0.0	0.888299	
R26_S123895	Unknown Library	9874417.0	0.0	4730786.0	269945.0	9016565.0	0.0	0.0	0.913124	
R27_S123898	Unknown Library	6846919.0	0.0	3453120.0	258851.0	6110038.0	0.0	0.0	0.892378	
R28_S123897	Unknown Library	9871980.0	0.0	4989038.0	232575.0	9083908.0	0.0	0.0	0.920171	
R29_S123900	Unknown Library	7385676.0	0.0	3742731.0	197241.0	6811262.0	0.0	0.0	0.922226	
R2_S123907	Unknown Library	12317255.0	0.0	5737008.0	384456.0	11000267.0	0.0	0.0	0.893078	
R30_S123899	Unknown Library	11588848.0	0.0	5860690.0	258092.0	10625441.0	0.0	0.0	0.916868	
R31_S123902	Unknown Library	12735006.0	0.0	6441031.0	382829.0	11766521.0	0.0	0.0	0.923951	
R32_S123901	Unknown Library	11195282.0	0.0	5630599.0	280597.0	9888609.0	0.0	0.0	0.883284	
R33_S123904	Unknown Library	9287897.0	0.0	4663371.0	192221.0	7884579.0	0.0	0.0	0.848909	
R34_S123903	Unknown Library	12727318.0	0.0	6652105.0	245934.0	11708605.0	0.0	0.0	0.919959	
R35_S123906	Unknown Library	13368599.0	0.0	6919950.0	286934.0	12377923.0	0.0	0.0	0.925895	
R36_S123905	Unknown Library	10880007.0	0.0	5580819.0	257587.0	9828119.0	0.0	0.0	0.903319	
R3_S123910	Unknown Library	12721121.0	0.0	6085812.0	357908.0	11305401.0	0.0	0.0	0.888711	
R4_S123909	Unknown Library	9939356.0	0.0	4858558.0	248377.0	8696079.0	0.0	0.0	0.874914	
R5_S123912	Unknown Library	9598886.0	0.0	4812180.0	318019.0	8174041.0	0.0	0.0	0.851561	
R6_S123911	Unknown Library	11663863.0	0.0	5529944.0	271179.0	10457181.0	0.0	0.0	0.896545	
R7_S123914	Unknown Library	7390352.0	0.0	3417388.0	214897.0	6393203.0	0.0	0.0	0.865074	
R8_S123913	Unknown Library	18186625.0	0.0	8162134.0	411907.0	16457297.0	0.0	0.0	0.904912	
R9_S123916	Unknown Library	17319584.0	0.0	8278022.0	468108.0	16119402.0	0.0	0.0	0.930704	
S_100_0_S106529	Unknown Library	4421208.0	0.0	4570905.0	115661.0	3341133.0	0.0	0.0	0.755706	
S_101_0_S106532	Unknown Library	4146531.0	0.0	4257033.0	113137.0	3073582.0	0.0	0.0	0.741242	
S_102_0_S106531	Unknown Library	5309156.0	0.0	5614715.0	158246.0	4061388.0	0.0	0.0	0.764978	
S_103_0_S106534	Unknown Library	4934461.0	0.0	5227310.0	130758.0	3722979.0	0.0	0.0	0.754485	
S_104_0_S106533	Unknown Library	4870550.0	0.0	5185593.0	147299.0	3702208.0	0.0	0.0	0.760121	
S_106_0_S106536	Unknown Library	4346782.0	0.0	4741120.0	156287.0	3324132.0	0.0	0.0	0.764734	
S_107_0_S106535	Unknown Library	3561457.0	0.0	4002074.0	153018.0	2753942.0	0.0	0.0	0.773263	
S_108_0_S106538	Unknown Library	4504061.0	0.0	4927829.0	154037.0	3486744.0	0.0	0.0	0.774133	
S_109_0_S106537	Unknown Library	3423902.0	0.0	3815883.0	117810.0	2511616.0	0.0	0.0	0.733554	
S_10_0_S115926	Unknown Library	6769140.0	0.0	8645429.0	235835.0	6106447.0	0.0	0.0	0.902101	
S_11_0_S115929	Unknown Library	6986942.0	0.0	7447228.0	297786.0	6122775.0	0.0	0.0	0.876317	
S_12_0_S115928	Unknown Library	6603055.0	0.0	8206405.0	301130.0	5907517.0	0.0	0.0	0.894664	
S_13_0_S115931	Unknown Library	6722381.0	0.0	7586974.0	240399.0	5911646.0	0.0	0.0	0.879398	
S_14_0_S115930	Unknown Library	6984701.0	0.0	8667260.0	271503.0	6318467.0	0.0	0.0	0.904615	
S_15_0_S115933	Unknown Library	8203504.0	0.0	10799731.0	344972.0	7544106.0	0.0	0.0	0.91962	
S_16_0_S106451	Unknown Library	4755103.0	0.0	5024880.0	133537.0	3658714.0	0.0	0.0	0.769429	
S_16_0_S115932	Unknown Library	9154916.0	0.0	9479448.0	426627.0	8020009.0	0.0	0.0	0.876033	
S_17_0_S106454	Unknown Library	5336797.0	0.0	5893842.0	112673.0	4152864.0	0.0	0.0	0.778157	
S_17_0_S115935	Unknown Library	6429794.0	0.0	8016588.0	208878.0	5507730.0	0.0	0.0	0.856595	
S_18_0_S106453	Unknown Library	5053380.0	0.0	5245274.0	127994.0	3881674.0	0.0	0.0	0.768134	
S_18_0_S115934	Unknown Library	6321145.0	0.0	7728893.0	300777.0	5503727.0	0.0	0.0	0.870685	
S_19_0_S106456	Unknown Library	4838396.0	0.0	5356479.0	136850.0	3846231.0	0.0	0.0	0.794939	
S_19_0_S115937	Unknown Library	6093066.0	0.0	6124089.0	222240.0	5135490.0	0.0	0.0	0.842842	
S_1_0_S115919	Unknown Library	11002947.0	0.0	15245762.0	321255.0	10457375.0	0.0	0.0	0.950416	
S_20_0_S106455	Unknown Library	4603267.0	0.0	4982416.0	114400.0	3525475.0	0.0	0.0	0.765864	
S_20_0_S115936	Unknown Library	6709452.0	0.0	6486496.0	267265.0	5874172.0	0.0	0.0	0.875507	
S_21_0_S106458	Unknown Library	5293835.0	0.0	5711221.0	130537.0	4133664.0	0.0	0.0	0.780845	
S_21_0_S115939	Unknown Library	6535042.0	0.0	7764443.0	262995.0	5712199.0	0.0	0.0	0.874088	
S_22_0_S115938	Unknown Library	7401637.0	0.0	9252598.0	446418.0	6730013.0	0.0	0.0	0.90926	
S_23_0_S115941	Unknown Library	8239934.0	0.0	10288938.0	347157.0	7378310.0	0.0	0.0	0.895433	
S_24_0_S115940	Unknown Library	8836857.0	0.0	9429067.0	391639.0	7494477.0	0.0	0.0	0.848093	
S_25_0_S106457	Unknown Library	4255980.0	0.0	4368220.0	113341.0	3186962.0	0.0	0.0	0.74882	
S_25_0_S115943	Unknown Library	5867324.0	0.0	7432888.0	180831.0	5035236.0	0.0	0.0	0.858183	
S_26_0_S106460	Unknown Library	4040412.0	0.0	4302694.0	99162.0	2982804.0	0.0	0.0	0.738243	
S_26_0_S115942	Unknown Library	7580926.0	0.0	7422632.0	381118.0	6568936.0	0.0	0.0	0.866508	
S_27_0_S106459	Unknown Library	4232586.0	0.0	4366023.0	118373.0	3176178.0	0.0	0.0	0.750411	
S_27_0_S115945	Unknown Library	6572597.0	0.0	7998136.0	331236.0	5751912.0	0.0	0.0	0.875135	
S_28_0_S106462	Unknown Library	5146701.0	0.0	5338365.0	123583.0	3953538.0	0.0	0.0	0.768169	
S_28_0_S115944	Unknown Library	6727996.0	0.0	7878203.0	298088.0	5941179.0	0.0	0.0	0.883053	
S_29_0_S106461	Unknown Library	4870202.0	0.0	4847977.0	149742.0	3663659.0	0.0	0.0	0.75226	
S_29_0_S115947	Unknown Library	7433369.0	0.0	7458541.0	321407.0	6590616.0	0.0	0.0	0.886626	
S_2_0_S115918	Unknown Library	9047079.0	0.0	12429892.0	394148.0	8593776.0	0.0	0.0	0.949895	
S_30_0_S106464	Unknown Library	4742217.0	0.0	4890173.0	132452.0	3574820.0	0.0	0.0	0.753829	
S_30_0_S115946	Unknown Library	7552071.0	0.0	8367168.0	322529.0	6668270.0	0.0	0.0	0.882972	
S_31_0_S115949	Unknown Library	7102700.0	0.0	7621093.0	307628.0	6195871.0	0.0	0.0	0.872326	
S_32_0_S115948	Unknown Library	8571836.0	0.0	8454140.0	341388.0	7316237.0	0.0	0.0	0.85352	
S_33_0_S115951	Unknown Library	7764508.0	0.0	7736832.0	290683.0	6580325.0	0.0	0.0	0.847488	
S_34_0_S106463	Unknown Library	4156854.0	0.0	4451412.0	130042.0	3112438.0	0.0	0.0	0.748748	
S_34_0_S115950	Unknown Library	7469621.0	0.0	9066707.0	227876.0	6764598.0	0.0	0.0	0.905615	
S_35_0_S106466	Unknown Library	3799147.0	0.0	4190629.0	134006.0	2874697.0	0.0	0.0	0.756669	
S_35_0_S115953	Unknown Library	7862812.0	0.0	9941590.0	231997.0	7265357.0	0.0	0.0	0.924015	
S_36_0_S106465	Unknown Library	4057654.0	0.0	4214018.0	161510.0	3208699.0	0.0	0.0	0.790777	
S_36_0_S115952	Unknown Library	8291173.0	0.0	10674548.0	293891.0	7738123.0	0.0	0.0	0.933297	
S_37_0_S106468	Unknown Library	4324855.0	0.0	5061969.0	170199.0	3356916.0	0.0	0.0	0.776192	
S_37_0_S115955	Unknown Library	7180921.0	0.0	10265808.0	283023.0	6683869.0	0.0	0.0	0.930782	
S_38_0_S106467	Unknown Library	5220608.0	0.0	5911623.0	155317.0	4062977.0	0.0	0.0	0.778257	
S_38_0_S115954	Unknown Library	6513025.0	0.0	8424831.0	270775.0	5614786.0	0.0	0.0	0.862086	
S_39_0_S106470	Unknown Library	4611365.0	0.0	5628277.0	123926.0	3563093.0	0.0	0.0	0.772676	
S_39_0_S115957	Unknown Library	7207918.0	0.0	7662658.0	372628.0	6041886.0	0.0	0.0	0.838229	
S_3_0_S115921	Unknown Library	7520981.0	0.0	9777592.0	288026.0	6850899.0	0.0	0.0	0.910905	
S_40_0_S106469	Unknown Library	4421147.0	0.0	4762948.0	142942.0	3353922.0	0.0	0.0	0.758609	
S_40_0_S115956	Unknown Library	7915852.0	0.0	10597120.0	250548.0	6982920.0	0.0	0.0	0.882144	
S_41_0_S106472	Unknown Library	5495205.0	0.0	5899372.0	152212.0	4245587.0	0.0	0.0	0.772598	
S_42_0_S106471	Unknown Library	4541371.0	0.0	4879324.0	144051.0	3436335.0	0.0	0.0	0.756673	
S_43_0_S106474	Unknown Library	4948613.0	0.0	5394437.0	155482.0	3785043.0	0.0	0.0	0.764869	
S_44_0_S106473	Unknown Library	4802779.0	0.0	5214762.0	171200.0	3851705.0	0.0	0.0	0.801974	
S_45_0_S106476	Unknown Library	5060424.0	0.0	5467787.0	142516.0	3870494.0	0.0	0.0	0.764856	
S_46_0_S106475	Unknown Library	5129975.0	0.0	5301482.0	127881.0	3978735.0	0.0	0.0	0.775586	
S_47_0_S106478	Unknown Library	5170826.0	0.0	5414246.0	120830.0	4013506.0	0.0	0.0	0.776183	
S_48_0_S106477	Unknown Library	4009384.0	0.0	3971647.0	176240.0	3015469.0	0.0	0.0	0.752103	
S_49_0_S106480	Unknown Library	4286209.0	0.0	4362781.0	131482.0	3175285.0	0.0	0.0	0.740814	
S_4_0_S106446	Unknown Library	6014812.0	0.0	6046929.0	188469.0	4771611.0	0.0	0.0	0.79331	
S_4_0_S115920	Unknown Library	7319728.0	0.0	7969913.0	318637.0	6516541.0	0.0	0.0	0.890271	
S_50_0_S106479	Unknown Library	4494381.0	0.0	4838186.0	128102.0	3410852.0	0.0	0.0	0.758915	
S_51_0_S106482	Unknown Library	5004603.0	0.0	5429317.0	150942.0	3836050.0	0.0	0.0	0.766504	
S_52_0_S106481	Unknown Library	4635965.0	0.0	4833277.0	149061.0	3535591.0	0.0	0.0	0.762644	
S_53_0_S106484	Unknown Library	4586486.0	0.0	4953161.0	128272.0	3462555.0	0.0	0.0	0.754947	
S_54_0_S106483	Unknown Library	5222610.0	0.0	5669131.0	143573.0	4014460.0	0.0	0.0	0.768669	
S_55_0_S106486	Unknown Library	4540832.0	0.0	5032501.0	116498.0	3466770.0	0.0	0.0	0.763466	
S_56_0_S106485	Unknown Library	4728824.0	0.0	5041423.0	191592.0	3804882.0	0.0	0.0	0.804615	
S_57_0_S106488	Unknown Library	5113196.0	0.0	5484597.0	152235.0	3941797.0	0.0	0.0	0.770907	
S_58_0_S106487	Unknown Library	5352763.0	0.0	5575701.0	177516.0	4110804.0	0.0	0.0	0.767978	
S_59_0_S106490	Unknown Library	5175881.0	0.0	5190857.0	178498.0	4000205.0	0.0	0.0	0.772855	
S_5_0_S106448	Unknown Library	4857451.0	0.0	5051964.0	130133.0	3731116.0	0.0	0.0	0.768122	
S_5_0_S115923	Unknown Library	7358690.0	0.0	9173952.0	411763.0	6620970.0	0.0	0.0	0.899748	
S_60_0_S106489	Unknown Library	4551755.0	0.0	4770665.0	145085.0	3470874.0	0.0	0.0	0.762535	
S_61_0_S106492	Unknown Library	5518155.0	0.0	6021212.0	194925.0	4421038.0	0.0	0.0	0.80118	
S_62_0_S106491	Unknown Library	4430154.0	0.0	5000850.0	137472.0	3322437.0	0.0	0.0	0.74996	
S_63_0_S106494	Unknown Library	5010460.0	0.0	5594774.0	149892.0	3853621.0	0.0	0.0	0.769115	
S_64_0_S106493	Unknown Library	5530651.0	0.0	5699771.0	161236.0	4290367.0	0.0	0.0	0.775744	
S_65_0_S106496	Unknown Library	4757258.0	0.0	4891479.0	135843.0	3628499.0	0.0	0.0	0.762729	
S_66_0_S106495	Unknown Library	5417752.0	0.0	5439031.0	165928.0	4169070.0	0.0	0.0	0.76952	
S_67_0_S106498	Unknown Library	4756400.0	0.0	4906434.0	133032.0	3650642.0	0.0	0.0	0.767522	
S_68_0_S106497	Unknown Library	4626141.0	0.0	5167806.0	135373.0	3505594.0	0.0	0.0	0.757779	
S_69_0_S106500	Unknown Library	4755188.0	0.0	5782246.0	161559.0	3607524.0	0.0	0.0	0.75865	
S_6_0_S106447	Unknown Library	4718866.0	0.0	4851701.0	126454.0	3616991.0	0.0	0.0	0.766496	
S_6_0_S115922	Unknown Library	7035612.0	0.0	8831519.0	353724.0	6322161.0	0.0	0.0	0.898594	
S_70_0_S106499	Unknown Library	4218564.0	0.0	4572806.0	117019.0	3117021.0	0.0	0.0	0.738882	
S_71_0_S106502	Unknown Library	4445341.0	0.0	4822445.0	109817.0	3322735.0	0.0	0.0	0.747465	
S_72_0_S106501	Unknown Library	4987545.0	0.0	5382727.0	177454.0	3873061.0	0.0	0.0	0.776547	
S_73_0_S106504	Unknown Library	5130546.0	0.0	5492825.0	170468.0	3932202.0	0.0	0.0	0.76643	
S_74_0_S106503	Unknown Library	4301340.0	0.0	4696012.0	193880.0	3225567.0	0.0	0.0	0.749898	
S_75_0_S106506	Unknown Library	4302159.0	0.0	4770414.0	141744.0	3218322.0	0.0	0.0	0.748071	
S_76_0_S106505	Unknown Library	4046638.0	0.0	4502798.0	118859.0	3020835.0	0.0	0.0	0.746505	
S_77_0_S106508	Unknown Library	5086307.0	0.0	5501443.0	162705.0	3870436.0	0.0	0.0	0.760952	
S_78_0_S106507	Unknown Library	4347737.0	0.0	4728025.0	120860.0	3249679.0	0.0	0.0	0.747441	
S_79_0_S106510	Unknown Library	5402062.0	0.0	5878464.0	145182.0	4142727.0	0.0	0.0	0.766879	
S_7_0_S106450	Unknown Library	4087157.0	0.0	4241998.0	104998.0	3061246.0	0.0	0.0	0.748992	
S_7_0_S115925	Unknown Library	6703887.0	0.0	9003854.0	227314.0	6157503.0	0.0	0.0	0.918497	
S_80_0_S106509	Unknown Library	5501773.0	0.0	5825617.0	155533.0	4229284.0	0.0	0.0	0.768713	
S_81_0_S106512	Unknown Library	4865688.0	0.0	5262278.0	130318.0	3692222.0	0.0	0.0	0.758828	
S_82_0_S106511	Unknown Library	4160242.0	0.0	4243872.0	115285.0	3109129.0	0.0	0.0	0.747343	
S_83_0_S106514	Unknown Library	5157143.0	0.0	5360524.0	137560.0	3986854.0	0.0	0.0	0.773074	
S_84_0_S106513	Unknown Library	4320778.0	0.0	4431259.0	118096.0	3248459.0	0.0	0.0	0.751823	
S_85_0_S106516	Unknown Library	5061700.0	0.0	5350133.0	153582.0	3835266.0	0.0	0.0	0.757703	
S_86_0_S106515	Unknown Library	4402940.0	0.0	4710935.0	129200.0	3276900.0	0.0	0.0	0.744253	
S_87_0_S106518	Unknown Library	4761589.0	0.0	5121572.0	137439.0	3520323.0	0.0	0.0	0.739317	
S_88_0_S106517	Unknown Library	4339120.0	0.0	4568630.0	123393.0	3240000.0	0.0	0.0	0.746695	
S_89_0_S106520	Unknown Library	5468738.0	0.0	5850127.0	134834.0	4232713.0	0.0	0.0	0.773984	
S_8_0_S106449	Unknown Library	4815376.0	0.0	4975346.0	145936.0	3698542.0	0.0	0.0	0.768069	
S_8_0_S115924	Unknown Library	8780102.0	0.0	10759804.0	399552.0	7788366.0	0.0	0.0	0.887047	
S_90_0_S106519	Unknown Library	4503701.0	0.0	4893677.0	144982.0	3429685.0	0.0	0.0	0.761526	
S_91_0_S106522	Unknown Library	3727502.0	0.0	4035865.0	134368.0	2728334.0	0.0	0.0	0.731947	
S_92_0_S106521	Unknown Library	3964716.0	0.0	4287804.0	151200.0	2999541.0	0.0	0.0	0.756559	
S_93_0_S106524	Unknown Library	4138831.0	0.0	4680931.0	154621.0	3068112.0	0.0	0.0	0.741299	
S_94_0_S106523	Unknown Library	3524283.0	0.0	3668455.0	87950.0	2619044.0	0.0	0.0	0.743142	
S_95_0_S106526	Unknown Library	4156438.0	0.0	4276514.0	111021.0	3128972.0	0.0	0.0	0.752801	
S_96_0_S106525	Unknown Library	3841824.0	0.0	3975566.0	131904.0	2946893.0	0.0	0.0	0.767056	
S_97_0_S106528	Unknown Library	4377305.0	0.0	4696071.0	151542.0	3416852.0	0.0	0.0	0.780583	
S_98_0_S106527	Unknown Library	4648784.0	0.0	4856631.0	145866.0	3761907.0	0.0	0.0	0.809224	
S_99_0_S106530	Unknown Library	4236760.0	0.0	4459228.0	130518.0	3262516.0	0.0	0.0	0.77005	
S_9_0_S106452	Unknown Library	4391521.0	0.0	4554338.0	123584.0	3330565.0	0.0	0.0	0.758408	
S_9_0_S115927	Unknown Library	7142585.0	0.0	8695150.0	250304.0	6332199.0	0.0	0.0	0.886542	
