Sample	QualiMap_mqc-generalstats-qualimap-5_3_bias	QualiMap_mqc-generalstats-qualimap-reads_aligned	Picard_mqc-generalstats-picard-PCT_RIBOSOMAL_BASES	Picard_mqc-generalstats-picard-PCT_MRNA_BASES	Picard_mqc-generalstats-picard-PERCENT_DUPLICATION	Salmon_mqc-generalstats-salmon-percent_mapped	Salmon_mqc-generalstats-salmon-num_mapped	STAR_mqc-generalstats-star-uniquely_mapped_percent	STAR_mqc-generalstats-star-uniquely_mapped	fastp_mqc-generalstats-fastp-pct_duplication	fastp_mqc-generalstats-fastp-after_filtering_q30_rate	fastp_mqc-generalstats-fastp-after_filtering_q30_bases	fastp_mqc-generalstats-fastp-after_filtering_gc_content	fastp_mqc-generalstats-fastp-pct_surviving	FastQC_mqc-generalstats-fastqc-percent_duplicates	FastQC_mqc-generalstats-fastqc-percent_gc	FastQC_mqc-generalstats-fastqc-avg_sequence_length	FastQC_mqc-generalstats-fastqc-percent_fails	FastQC_mqc-generalstats-fastqc-total_sequences
R10_S123915	0.78	12506627.0		86.58019999999999	0.910635	85.59828626504428	10957476	78.67	10071045.0	52.2911	0.889887	1385657481.0	0.430629	99.65382189429833	77.75568461920844	43.0	120.0	27.27272727272727	13021043.0
R11_S123918	0.59	15909592.0		85.7994	0.932722	83.67738928056183	13771772	77.65	12780130.0	53.8821	0.879334	1766055642.0	0.424539	99.39370285471513	81.14373234215539	42.0	120.0	27.27272727272727	16838773.0
R12_S123917	0.62	10320398.0		86.14150000000001	0.911485	84.05135246564564	8984339	77.83	8319354.0	51.8939	0.881776	1148295739.0	0.428897	99.4100135015542	77.3811179705639	42.0	120.0	27.27272727272727	10916521.0
R13_S123920	0.76	9816597.0		84.1191	0.917821	82.25830652497534	8294606	78.77	7942695.0	54.669900000000005	0.886298	1089771064.0	0.432723	99.53171897737792	80.40316069617661	43.0	120.0	27.27272727272727	10294673.0
R14_S123919	0.31	9860164.0		83.46000000000001	0.915518	81.21966157779656	8281510	78.07	7960279.0	47.638200000000005	0.870435	1079908037.0	0.439809	99.34425051237035	78.64462113686143	43.0	120.0	27.27272727272727	10407023.0
R15_S123922	0.72	8399983.0		84.0896	0.906444	81.9097300319572	7083148	78.65	6801273.0	50.8772	0.87995	933435880.0	0.436402	99.39547709735906	78.6424175625257	43.0	120.0	27.27272727272727	8893625.0
R16_S123921	0.7	11213974.0		84.9777	0.897792	83.5062256948037	9628434	78.32	9030946.0	50.881699999999995	0.88851	1242955308.0	0.425076	99.56893278878962	75.80968117542298	42.0	120.0	27.27272727272727	11708151.0
R17_S123924	0.68	11976116.0		83.646	0.894006	81.18469931264555	10074940	77.85	9660828.0	47.4624	0.879507	1328335629.0	0.42694	99.31372754026192	73.4378980479836	42.0	120.0	27.27272727272727	12672955.0
R18_S123923	0.75	12171970.0		81.8761	0.905383	80.13061321714447	10011264	78.7	9832772.0	50.4924	0.883342	1339573673.0	0.435605	99.45006962563482	77.6294987474221	43.0	120.0	27.27272727272727	12707245.0
R19_S123890	0.65	13870166.0		86.13929999999999	0.915595	84.54079736873256	12019959	79.24	11266859.0	54.56609999999999	0.889608	1536197087.0	0.427349	99.55386100343362	78.91894786269758	42.0	120.0	27.27272727272727	14454688.0
R1_S123908	0.35	15070741.0		85.3753	0.928054	83.51275912711804	13002504	78.59	12235563.0	52.2743	0.880279	1663063205.0	0.434516	99.51474300753017	80.94678879349068	43.0	120.0	27.27272727272727	15820483.0
R20_S123889	0.58	10252900.0		86.3433	0.908614	84.49846433473934	8879500	78.97	8298681.0	51.2015	0.883136	1132673429.0	0.431054	99.39005440233774	77.44206478700563	43.0	120.0	27.27272727272727	10753582.0
R21_S123892	0.42	13430492.0		86.1228	0.910369	84.89108157366904	11640659	79.61	10917137.0	52.62480000000001	0.888261	1483605621.0	0.42872	99.56864375843277	77.84214342242137	42.0	120.0	27.27272727272727	13978933.0
R22_S123891	0.69	11565385.0		84.8814	0.896968	83.1494751446368	9843175	79.52	9413396.0	49.4424	0.884622	1278728125.0	0.43291	99.54942901174371	75.50640674920024	43.0	120.0	27.27272727272727	12100424.0
R23_S123894	0.71	12074060.0		87.1575	0.914547	85.00425764683071	10604452	78.75	9824310.0	54.773	0.888235	1347448732.0	0.427482	99.4106978715246	78.85565191564135	42.0	120.0	18.181818181818183	12716567.0
R24_S123893	0.64	21583522.0		85.8051	0.932498	84.434223837308	18726615	78.93	17506055.0	56.9084	0.891872	2390858902.0	0.430652	99.62375969961425	81.18808799742193	43.0	120.0	18.181818181818183	22423701.0
R25_S123896	0.46	9738694.0		84.8146	0.888299	83.38621267659711	8335571	78.92	7889217.0	48.7141	0.887842	1074497482.0	0.425894	99.54835866931042	74.26272317379849	42.0	120.0	27.27272727272727	10131048.0
R26_S123895	0.55	9874417.0		85.1703	0.913124	83.66152548578215	8486928	78.96	8009917.0	54.0121	0.889155	1090825675.0	0.429583	99.59475991585408	79.4431641258628	42.0	120.0	27.27272727272727	10265026.0
R27_S123898	0.59	6846919.0		86.6538	0.892378	84.14778412473244	5979348	77.32	5494109.0	51.54879999999999	0.884678	759724379.0	0.427954	99.3261083098411	75.35551123134734	42.0	120.0	27.27272727272727	7204867.0
R28_S123897	0.59	9871980.0		85.48559999999999	0.920171	84.11323408106543	8499268	78.76	7957914.0	52.18469999999999	0.880651	1082426054.0	0.436137	99.27645925035944	80.10208932365319	43.0	120.0	27.27272727272727	10317318.0
R29_S123900	0.81	7385676.0		86.1879	0.922226	84.70687467632838	6423252	78.41	5946056.0	55.584	0.888827	817550273.0	0.432827	99.55352597071995	81.57936836006891	43.0	120.0	27.27272727272727	7699440.0
R2_S123907	0.63	12317255.0		85.2562	0.893078	83.46140138127848	10601026	79.08	10044213.0	47.7879	0.881384	1361186624.0	0.431057	99.41422622584393	73.56232851252311	43.0	120.0	27.27272727272727	12945612.0
R30_S123899	0.7	11588848.0		85.4675	0.916868	84.12366400099941	9966080	78.83	9339416.0	52.2307	0.88473	1277986951.0	0.426529	99.55261315154907	79.5478302034627	42.0	120.0	27.27272727272727	12091549.0
R31_S123902	0.5	12735006.0		83.784	0.923951	81.45758046201983	10685471	78.37	10279917.0	51.895100000000006	0.877761	1399176749.0	0.427676	99.44411663025109	80.83157064819947	42.0	120.0	27.27272727272727	13357838.0
R32_S123901	0.45	11195282.0		84.49600000000001	0.883284	83.18285684260003	9545964	78.75	9037276.0	46.9082	0.886891	1231545935.0	0.428674	99.63080190573407	72.81780804842708	42.0	120.0	27.27272727272727	11614632.0
R33_S123904	0.66	9287897.0		83.49029999999999	0.848909	82.37332066963724	7809088	78.8	7470793.0	43.9449	0.893156	1024611425.0	0.42339	99.60336156517408	65.81056972258186	42.0	120.0	27.27272727272727	9597910.0
R34_S123903	0.4	12727318.0		84.58200000000001	0.919959	83.71212553336666	10860185	78.74	10215696.0	53.0669	0.88964	1397252904.0	0.425115	99.61953622785994	79.63920572115615	42.0	120.0	27.27272727272727	13138176.0
R35_S123906	0.78	13368599.0		86.0759	0.925895	85.32669504734821	11651815	78.83	10764507.0	55.535599999999995	0.891891	1471781642.0	0.427372	99.57085699932539	80.92078331168202	42.0	120.0	27.27272727272727	13810781.0
R36_S123905	0.77	10880007.0		85.3446	0.903319	84.13484097193702	9370597	78.38	8729130.0	51.687099999999994	0.890033	1202690191.0	0.425944	99.60280854735132	76.73636944997381	42.0	120.0	27.27272727272727	11305631.0
R3_S123910	0.56	12721121.0		85.551	0.888711	83.7887583244903	10958756	78.97	10328133.0	47.3947	0.882717	1407709871.0	0.429053	99.41824508784974	72.76494922181928	42.0	120.0	27.27272727272727	13367313.0
R4_S123909	0.72	9939356.0		85.2642	0.874914	83.72007786226828	8529178	79.09	8057893.0	44.9174	0.87901	1093643283.0	0.433133	99.28014243751697	70.61111221972905	43.0	120.0	27.27272727272727	10443316.0
R5_S123912	0.78	9598886.0		86.22720000000001	0.851561	83.7649347250982	8306889	78.13	7747751.0	40.821200000000005	0.875386	1065965570.0	0.421909	99.22664908126443	63.99453175667639	42.0	120.0	27.27272727272727	10226664.0
R6_S123911	0.74	11663863.0		86.00619999999999	0.896545	85.09688528955324	10156349	79.61	9501330.0	49.5396	0.884478	1284669076.0	0.435056	99.51913787515247	75.17997090903327	43.0	120.0	27.27272727272727	12162322.0
R7_S123914	0.67	7390352.0		86.23349999999999	0.865074	84.69726632224665	6441438	78.99	6007310.0	46.895900000000005	0.888678	820763547.0	0.431785	99.55101366632549	70.65426960900973	43.0	120.0	27.27272727272727	7731193.0
R8_S123913	0.64	18186625.0		85.76650000000001	0.904912	84.84487915497847	15779902	79.69	14820486.0	52.436400000000006	0.892047	2004894478.0	0.433421	99.58889036236201	75.61227774994401	43.0	120.0	18.181818181818183	18806662.0
R9_S123916	0.64	17319584.0		85.9059	0.930704	84.59980080608547	15048352	78.75	14008288.0	55.6033	0.887517	1911446183.0	0.429462	99.49658795546478	81.27686915843483	42.0	120.0	27.27272727272727	18038305.0
S_100_0_S106529	0.3	4421208.0		83.0947	0.755706	86.7732570634065	3936789	65.82	2986133.0	43.4829	0.925222	216977181.0	0.444248	99.96276104766454	45.27812862210235	44.0	51.0	9.090909090909092	4600022.0
S_101_0_S106532	0.26	4146531.0		82.5726	0.741242	86.27937670259747	3675215	66.08	2814718.0	40.1617	0.926255	203739240.0	0.449273	99.96444531798842	41.89626738491169	44.0	51.0	9.090909090909092	4314481.0
S_102_0_S106531	0.25	5309156.0		81.5137	0.764978	85.43646507061307	4671155	65.21	3565311.0	45.242900000000006	0.930013	262525251.0	0.443366	99.97173299328635	47.5044157962199	44.0	51.0	9.090909090909092	5536490.0
S_103_0_S106534	0.2	4934461.0		81.53620000000001	0.754485	85.08830516508763	4309909	65.42	3313776.0	42.3583	0.922257	242996693.0	0.438041	99.95975517213758	44.482901046522194	43.0	51.0	9.090909090909092	5168366.0
S_104_0_S106533	0.39	4870550.0		81.9461	0.760121	85.34587230504545	4282527	64.91	3257179.0	45.6858	0.930451	240289922.0	0.450999	99.97251801333667	47.25218365137265	45.0	51.0	9.090909090909092	5065136.0
S_106_0_S106536	0.36	4346782.0		81.6805	0.764734	84.31929424132741	3796956	63.78	2872039.0	49.5287	0.928255	216869399.0	0.441509	99.97045190687768	51.864786938135495	44.0	51.0	18.181818181818183	4582360.0
S_107_0_S106535	0.72	3561457.0		80.2946	0.773263	82.25504277185874	3055343	62.82	2333359.0	53.5967	0.932948	178858668.0	0.451666	99.97436203623941	56.16504300731019	45.0	51.0	18.181818181818183	3760049.0
S_108_0_S106538	0.44	4504061.0		81.69	0.774133	84.58235528750147	3939929	63.95	2979003.0	50.2517	0.925381	223296971.0	0.440176	99.9657091932533	53.797220429141916	44.0	51.0	18.181818181818183	4733047.0
S_109_0_S106537	0.61	3423902.0		82.1057	0.733554	85.21393043816097	3018032	63.43	2246452.0	45.096799999999995	0.929972	170713924.0	0.439971	99.97219744866457	47.33309886490207	44.0	51.0	9.090909090909092	3600389.0
S_10_0_S115926	0.7	6769140.0		82.6128	0.902101	85.92867212231306	6019282	60.15	4213290.0	79.5377	0.946339	341028812.0	0.473515	99.98351532975283	79.73325552613163	47.0	51.0	9.090909090909092	7067172.0
S_11_0_S115929	0.39	6986942.0		75.4619	0.876317	81.9094961404187	5966884	58.66	4273295.0	73.762	0.940455	351710546.0	0.492471	99.97614073205142	74.41006023559714	49.0	51.0	9.090909090909092	7334676.0
S_12_0_S115928	0.72	6603055.0		81.50319999999999	0.894664	84.27814434288769	5818719	58.97	4071652.0	78.2776	0.939981	333256900.0	0.481365	99.97759317313746	79.2328696788935	48.0	51.0	9.090909090909092	6953238.0
S_13_0_S115931	0.34	6722381.0		82.734	0.879398	85.685932917599	5966123	62.68	4364057.0	75.3911	0.94403	337147570.0	0.480014	99.9828238086855	75.93566788968157	48.0	51.0	9.090909090909092	7003881.0
S_14_0_S115930	0.33	6984701.0		83.0065	0.904615	85.56688869276553	6208908	61.99	4498254.0	79.335	0.945368	351507034.0	0.490664	99.97082023923565	79.84126992710452	49.0	51.0	9.090909090909092	7292726.0
S_15_0_S115933	0.23	8203504.0		83.2337	0.91962	87.56349084912914	7485344	58.64	5012993.0	80.4673	0.954352	417294484.0	0.479036	99.98640197873368	80.77164428081362	47.0	51.0	9.090909090909092	8574777.0
S_16_0_S106451	0.19	4755103.0		81.5223	0.769429	86.21201397525692	4214595	64.47	3151891.0	45.386700000000005	0.930717	234115537.0	0.448301	99.97127879493364	46.87320926357774	44.0	51.0	9.090909090909092	4933637.0
S_16_0_S115932	0.25	9154916.0		77.3681	0.876033	82.28317714589394	7883998	60.94	5839235.0	74.165	0.946816	465158122.0	0.486474	99.9827291529511	74.4171913743967	48.0	51.0	9.090909090909092	9634733.0
S_17_0_S106454	0.11	5336797.0		82.1849	0.778157	87.26272463193668	4755356	64.12	3494237.0	44.7547	0.93312	262245262.0	0.442407	99.97371218745805	46.002355829071696	44.0	51.0	9.090909090909092	5512060.0
S_17_0_S115935	0.53	6429794.0		83.59830000000001	0.856595	86.79698289055402	5762167	61.76	4099752.0	70.2782	0.9388	319356521.0	0.480947	99.98234221389065	70.61540283139311	48.0	51.0	9.090909090909092	6671278.0
S_18_0_S106453	0.19	5053380.0		81.7529	0.768134	86.51122269884397	4482470	65.19	3377538.0	44.434200000000004	0.932178	248799681.0	0.449937	99.97296924014147	45.82227488693196	45.0	51.0	9.090909090909092	5234777.0
S_18_0_S115934	0.49	6321145.0		80.59049999999999	0.870685	82.63603829824633	5472094	61.61	4079583.0	74.2492	0.95034	323706608.0	0.474924	99.98431116117168	74.60933966718403	47.0	51.0	9.090909090909092	6679908.0
S_19_0_S106456	0.24	4838396.0		82.4383	0.794939	86.93831420597093	4325395	63.01	3134903.0	51.9089	0.930873	239350870.0	0.443363	99.97305191521764	53.641947027814496	44.0	51.0	18.181818181818183	5043030.0
S_19_0_S115937	0.46	6093066.0		75.6711	0.842842	80.98963058955496	5114743	62.52	3948045.0	69.472	0.9446	306000438.0	0.488009	99.98096995614118	69.71595872817501	48.0	51.0	9.090909090909092	6353112.0
S_1_0_S115919	0.19	11002947.0		82.4592	0.950416	89.17582007103016	10098450	58.23	6594121.0	85.92880000000001	0.953996	553091925.0	0.474215	99.9863230079813	86.52404008426117	47.0	51.0	9.090909090909092	11369459.0
S_20_0_S106455	0.19	4603267.0		81.7017	0.765864	86.44944630470951	4078397	63.84	3011647.0	44.522099999999995	0.927165	227195176.0	0.441873	99.96513010258325	46.22349242992506	44.0	51.0	9.090909090909092	4806438.0
S_20_0_S115936	0.6	6709452.0		76.6572	0.875507	81.81329413246947	5707882	62.65	4370945.0	75.74119999999999	0.942673	336947937.0	0.493256	99.98049921440507	76.22782931945363	49.0	51.0	9.090909090909092	7009974.0
S_21_0_S106458	0.16	5293835.0		82.2769	0.780845	86.89265780444262	4713381	63.99	3470853.0	46.0213	0.927017	260250264.0	0.439419	99.96511467845758	47.873726921848835	43.0	51.0	9.090909090909092	5506614.0
S_21_0_S115939	0.86	6535042.0		81.2693	0.874088	83.75102989289408	5693426	62.75	4265433.0	75.20700000000001	0.947946	330068839.0	0.487881	99.98160672842276	75.53694108772314	48.0	51.0	9.090909090909092	6828584.0
S_22_0_S115938	0.64	7401637.0		79.2578	0.90926	82.28910220430411	6458094	59.62	4679124.0	80.8304	0.952025	382166182.0	0.483911	99.98412157437258	81.01305531940514	48.0	51.0	9.090909090909092	7872317.0
S_23_0_S115941	0.29	8239934.0		79.3299	0.895433	83.54502124176861	7174087	61.15	5250741.0	75.46589999999999	0.945378	415938851.0	0.481154	99.97860634102953	76.46874927773877	48.0	51.0	9.090909090909092	8628725.0
S_24_0_S115940	0.24	8836857.0		75.2731	0.848093	77.75927951856943	7176012	65.14	6011852.0	70.4083	0.948265	448851818.0	0.476992	99.98474564822753	71.05582851182123	47.0	51.0	9.090909090909092	9282597.0
S_25_0_S106457	0.37	4255980.0		80.28309999999999	0.74882	84.62385803194591	3697488	64.73	2828463.0	43.7525	0.925461	209158867.0	0.444331	99.96314095044917	45.36137004858206	44.0	51.0	9.090909090909092	4433104.0
S_25_0_S115943	0.68	5867324.0		84.4814	0.858183	87.96262661919214	5320116	61.33	3709337.0	71.7039	0.938815	291143192.0	0.47465	99.98091057070981	71.74924656851633	47.0	51.0	9.090909090909092	6081900.0
S_26_0_S106460	0.22	4040412.0		81.1668	0.738243	84.94178386471651	3516228	64.84	2684222.0	40.0372	0.925881	197261680.0	0.45429	99.9630777683179	41.82583615063855	45.0	51.0	9.090909090909092	4179054.0
S_26_0_S115942	0.54	7580926.0		72.753	0.866508	78.22481262349216	6228294	60.51	4817971.0	71.6722	0.943584	389677608.0	0.48123	99.97657869705947	72.15423241321558	48.0	51.0	9.090909090909092	8099464.0
S_27_0_S106459	0.17	4232586.0		81.8709	0.750411	85.94445500405773	3739408	64.92	2824679.0	43.8752	0.931725	208949537.0	0.443108	99.97351331848108	45.69340174292974	44.0	51.0	9.090909090909092	4398437.0
S_27_0_S115945	0.66	6572597.0		82.2223	0.875135	84.00510267267472	5799572	61.71	4260181.0	73.5237	0.93801	332619520.0	0.479661	99.97424785326884	75.08088729118157	47.0	51.0	9.090909090909092	6954760.0
S_28_0_S106462	0.38	5146701.0		79.98910000000001	0.768169	83.90904550874299	4422245	65.44	3448899.0	47.5671	0.928539	252545817.0	0.441637	99.96978212575247	49.26717882870714	44.0	51.0	9.090909090909092	5334591.0
S_28_0_S115944	0.48	6727996.0		82.1042	0.883053	85.22226605887433	5987788	60.91	4279527.0	76.3226	0.949007	341553453.0	0.484827	99.98563331778124	76.84092219790155	48.0	51.0	9.090909090909092	7057997.0
S_29_0_S106461	0.24	4870202.0		80.396	0.75226	84.08743205103482	4221142	65.69	3297760.0	45.433299999999996	0.928431	240477467.0	0.445196	99.96872238111453	46.8741461670149	44.0	51.0	9.090909090909092	5080310.0
S_29_0_S115947	0.3	7433369.0		76.537	0.886626	81.29581047860054	6304308	61.97	4805508.0	77.32050000000001	0.949485	377419859.0	0.491705	99.98363134505061	77.69212523871484	49.0	51.0	9.090909090909092	7795387.0
S_2_0_S115918	0.49	9047079.0		80.85	0.949895	86.14000065881268	8132673	57.34	5413442.0	86.0847	0.949617	460816627.0	0.467355	99.97857529831717	87.3081616617127	46.0	51.0	9.090909090909092	9517052.0
S_30_0_S106464	0.33	4742217.0		80.1923	0.753829	83.98812309102424	4094143	65.01	3168903.0	45.2466	0.933163	234679152.0	0.445747	99.97518427802368	46.84487054153562	44.0	51.0	9.090909090909092	4932357.0
S_30_0_S115946	0.49	7552071.0		79.5479	0.882972	83.55409798592945	6579551	61.69	4858177.0	77.28930000000001	0.945332	381053613.0	0.486127	99.98139198337296	77.26587586121263	48.0	51.0	9.090909090909092	7905195.0
S_31_0_S115949	0.38	7102700.0		79.4926	0.872326	83.64539329433191	6198398	61.74	4574819.0	73.7601	0.944056	358492495.0	0.482674	99.98052975711073	74.6982013098139	48.0	51.0	9.090909090909092	7447262.0
S_32_0_S115948	0.43	8571836.0		75.1735	0.85352	82.23327496313343	7329636	60.85	5423853.0	68.4409	0.949604	435267064.0	0.488008	99.98596037956816	68.53256754981837	48.0	51.0	9.090909090909092	8988847.0
S_33_0_S115951	0.4	7764508.0		76.7536	0.847488	82.46663549008335	6642845	61.64	4965557.0	67.5677	0.942282	390422888.0	0.483068	99.98012523440532	67.96442131490976	48.0	51.0	9.090909090909092	8125882.0
S_34_0_S106463	0.25	4156854.0		82.02420000000001	0.748748	85.59990725224031	3669579	64.14	2749777.0	44.4029	0.925221	205720710.0	0.441138	99.96462064063468	46.21201422781988	44.0	51.0	9.090909090909092	4361300.0
S_34_0_S115950	0.33	7469621.0		81.6396	0.905615	87.14298946787508	6707829	60.64	4668000.0	77.6377	0.952748	376157266.0	0.464643	99.98393320345575	77.81252532264361	46.0	51.0	9.090909090909092	7742676.0
S_35_0_S106466	0.25	3799147.0		81.7969	0.756669	85.84733418710128	3376507	63.07	2480739.0	46.9873	0.92698	188598807.0	0.445015	99.96830035526155	48.878933187672104	44.0	51.0	9.090909090909092	3990581.0
S_35_0_S115953	0.66	7862812.0		80.7404	0.924015	86.80387641017843	7026608	60.55	4901665.0	81.7642	0.950278	394325756.0	0.469724	99.98154323613672	82.34074726912607	46.0	51.0	9.090909090909092	8137938.0
S_36_0_S106465	0.38	4057654.0		77.3405	0.790777	80.7523954982551	3407076	62.58	2640386.0	55.2767	0.930287	202809071.0	0.45133	99.97097678891495	58.02391705683581	45.0	51.0	18.181818181818183	4275888.0
S_36_0_S115952	0.39	8291173.0		81.462	0.933297	87.04470927648296	7472844	59.59	5116148.0	83.1554	0.947756	416725448.0	0.483566	99.98203652673403	84.13939159047102	48.0	51.0	9.090909090909092	8623054.0
S_37_0_S106468	0.31	4324855.0		82.5576	0.776192	86.46547961381555	3886670	61.95	2784875.0	49.184	0.932162	217052454.0	0.450222	99.97343913884126	51.020460501854664	45.0	51.0	18.181818181818183	4566870.0
S_37_0_S115955	0.76	7180921.0		80.95219999999999	0.930782	85.89669215095932	6411281	56.92	4248622.0	83.7513	0.954742	364670975.0	0.479351	99.98651602530342	84.14075694253715	47.0	51.0	9.090909090909092	7490373.0
S_38_0_S106467	0.19	5220608.0		80.1241	0.778257	84.9425726735399	4566449	62.34	3351531.0	46.8218	0.922373	256850519.0	0.445427	99.96023660319536	49.22493985333926	44.0	51.0	9.090909090909092	5462310.0
S_38_0_S115954	0.68	6513025.0		79.9653	0.862086	82.43853002741827	5592465	59.49	4035807.0	73.5977	0.946328	328700711.0	0.485523	99.98437985835585	73.87829242361231	48.0	51.0	9.090909090909092	6811718.0
S_39_0_S106470	0.28	4611365.0		82.4318	0.772676	86.50602465614045	4096312	61.61	2917242.0	45.8375	0.921766	227258523.0	0.437907	99.96108461036948	48.669372409001234	43.0	51.0	9.090909090909092	4836133.0
S_39_0_S115957	0.48	7207918.0		76.21759999999999	0.838229	78.850837393507	5977324	62.08	4705844.0	67.8596	0.942439	366937587.0	0.478385	99.97737042209401	69.28766804887448	47.0	51.0	9.090909090909092	7636024.0
S_3_0_S115921	1.04	7520981.0		82.4367	0.910905	85.25980319904951	6657944	59.82	4671398.0	80.9034	0.94299	377186034.0	0.486817	99.978482059736	81.4803949822832	48.0	51.0	9.090909090909092	7844617.0
S_40_0_S106469	0.2	4421147.0		80.9529	0.758609	85.42521848281224	3898883	63.97	2919528.0	45.6492	0.930376	218756287.0	0.447051	99.96975099539824	47.15267652202817	44.0	51.0	9.090909090909092	4611722.0
S_40_0_S115956	0.86	7915852.0		79.8285	0.882144	85.0423197492163	6944896	59.59	4866255.0	73.1996	0.950232	397222782.0	0.474046	99.98319100374714	73.15574063725717	47.0	51.0	9.090909090909092	8197991.0
S_41_0_S106472	0.16	5495205.0		81.4587	0.772598	85.41890921106055	4823962	64.29	3630909.0	44.8028	0.92592	270926778.0	0.442874	99.96337603921795	47.28023388241836	44.0	51.0	9.090909090909092	5739412.0
S_42_0_S106471	0.27	4541371.0		81.51610000000001	0.756673	85.29974461211818	3996653	63.89	2993461.0	44.1367	0.922596	224701336.0	0.441284	99.95851418837782	46.36232680045889	44.0	51.0	9.090909090909092	4777537.0
S_43_0_S106474	0.23	4948613.0		80.4837	0.764869	84.72910476783836	4324654	63.64	3248373.0	45.9784	0.93268	245836820.0	0.445347	99.97313161735477	47.7294418151362	44.0	51.0	9.090909090909092	5169645.0
S_44_0_S106473	0.23	4802779.0		78.7074	0.801974	82.22708620201252	4089958	62.68	3117830.0	56.0873	0.930652	240836451.0	0.44378	99.97009271848323	58.73603638154209	44.0	51.0	18.181818181818183	5075687.0
S_45_0_S106476	0.19	5060424.0		80.8114	0.764856	85.17678466405533	4431697	64.24	3342624.0	46.0374	0.933023	250586881.0	0.441053	99.97273909108029	47.41590246761572	44.0	51.0	9.090909090909092	5267616.0
S_46_0_S106475	0.27	5129975.0		82.7681	0.775586	86.46031766560363	4545959	65.36	3436598.0	45.8189	0.924151	251029177.0	0.437643	99.96176915174063	48.09627604384421	43.0	51.0	9.090909090909092	5328158.0
S_47_0_S106478	0.12	5170826.0		83.0372	0.776183	87.28492555071608	4618818	65.36	3458602.0	44.912	0.930321	254521056.0	0.438554	99.96967958194722	46.566119833537854	43.0	51.0	9.090909090909092	5366021.0
S_48_0_S106477	0.19	4009384.0		81.2263	0.752103	84.16979164874819	3523031	64.23	2688607.0	46.4176	0.925834	200147088.0	0.449566	99.96528550783151	47.98418388997444	44.0	51.0	9.090909090909092	4240304.0
S_49_0_S106480	0.1	4286209.0		81.6711	0.740814	85.26053542450117	3766547	65.08	2874880.0	42.365399999999994	0.931661	213655096.0	0.44228	99.97196450764473	43.67274851025796	44.0	51.0	9.090909090909092	4497870.0
S_4_0_S106446	0.15	6014812.0		82.0768	0.79331	86.68514291066293	5377323	65.27	4048748.0	49.2604	0.932416	298151511.0	0.44761	99.97338762746314	50.656169313514624	44.0	51.0	18.181818181818183	6271519.0
S_4_0_S115920	0.46	7319728.0		79.81439999999999	0.890271	83.89066246506943	6407875	60.44	4616544.0	77.2699	0.947543	371007766.0	0.486944	99.98585658130649	77.71882993681177	48.0	51.0	9.090909090909092	7678483.0
S_50_0_S106479	0.17	4494381.0		82.6174	0.758915	86.84713388886449	4014494	63.94	2955715.0	43.8515	0.928013	222328150.0	0.444989	99.96829129447066	45.72513967643811	44.0	51.0	9.090909090909092	4699025.0
S_51_0_S106482	0.13	5004603.0		82.3472	0.766504	86.14710956843554	4441353	63.91	3294948.0	44.8925	0.924747	247282240.0	0.440889	99.96268969013377	47.18230607318355	44.0	51.0	9.090909090909092	5245199.0
S_52_0_S106481	0.28	4635965.0		81.67229999999999	0.762644	86.00622023788377	4115420	64.5	3086180.0	45.405499999999996	0.933092	230481916.0	0.447791	99.9734343118465	46.84026097862053	44.0	51.0	9.090909090909092	4844595.0
S_53_0_S106484	0.3	4586486.0		81.7329	0.754947	85.786036101959	4044604	63.8	3008221.0	43.3602	0.929933	227135133.0	0.442049	99.9708386588789	44.842269313099315	44.0	51.0	9.090909090909092	4790589.0
S_54_0_S106483	0.28	5222610.0		81.7468	0.768669	85.85929700869315	4607367	63.66	3416059.0	43.8016	0.920985	256838800.0	0.440903	99.95600056667323	45.96628894347432	44.0	51.0	9.090909090909092	5470525.0
S_55_0_S106486	0.18	4540832.0		81.6767	0.763466	86.1760708388712	4013504	63.54	2959245.0	45.5197	0.930808	224715257.0	0.442311	99.97132042414516	46.84142736053983	44.0	51.0	9.090909090909092	4735077.0
S_56_0_S106485	0.19	4728824.0		80.47579999999999	0.804615	83.69847183652764	4118313	63.77	3137681.0	53.6523	0.93139	235606287.0	0.455878	99.97315259304229	56.22593596405895	45.0	51.0	18.181818181818183	4961373.0
S_57_0_S106488	0.19	5113196.0		81.45750000000001	0.770907	85.23298472622659	4487884	63.94	3366750.0	46.5461	0.925779	253140863.0	0.443757	99.9657488016742	48.63269369723977	44.0	51.0	9.090909090909092	5363316.0
S_58_0_S106487	0.16	5352763.0		81.6415	0.767978	84.76075076863211	4687506	64.34	3558171.0	44.8138	0.917625	265289943.0	0.440151	99.94987278654764	47.22152830294903	44.0	51.0	9.090909090909092	5671570.0
S_59_0_S106490	0.19	5175881.0		80.3031	0.772855	83.43609968588326	4467485	65.55	3509917.0	49.0576	0.925948	256493601.0	0.442133	99.96173790520277	51.01845314961837	44.0	51.0	18.181818181818183	5433576.0
S_5_0_S106448	0.24	4857451.0		82.1245	0.768122	86.48511984961054	4313518	64.7	3227023.0	44.7029	0.926271	239048792.0	0.439314	99.96533045704533	47.37036843679299	43.0	51.0	9.090909090909092	5062080.0
S_5_0_S115923	0.67	7358690.0		81.6412	0.899748	83.12622185604882	6459284	59.1	4592346.0	78.70899999999999	0.937212	373689994.0	0.482292	99.976917999178	79.69497856001772	48.0	51.0	9.090909090909092	7819946.0
S_60_0_S106489	0.14	4551755.0		80.1628	0.762535	83.14334744211001	3905110	63.59	2986640.0	48.0981	0.928786	228574329.0	0.438543	99.96374743021069	49.74948265568367	43.0	51.0	9.090909090909092	4827244.0
S_61_0_S106492	0.15	5518155.0		80.4337	0.80118	83.62573252956373	4777605	63.71	3639689.0	53.1379	0.928388	274032940.0	0.444014	99.96685425076531	55.866677603800525	44.0	51.0	18.181818181818183	5789581.0
S_62_0_S106491	0.2	4430154.0		82.4903	0.74996	86.34397825040841	3943870	63.18	2885662.0	42.898399999999995	0.930572	220984312.0	0.440291	99.97088665591161	44.36920834456753	44.0	51.0	9.090909090909092	4657658.0
S_63_0_S106494	0.28	5010460.0		80.4825	0.769115	84.0879071815256	4339232	63.4	3271621.0	46.330799999999996	0.924249	247224166.0	0.440354	99.96089108108906	48.5105458672776	44.0	51.0	9.090909090909092	5246885.0
S_64_0_S106493	0.22	5530651.0		82.0048	0.775744	86.32667865683207	4913617	65.37	3720686.0	46.311	0.932757	273974516.0	0.445056	99.97231344512916	48.12039631445882	44.0	51.0	9.090909090909092	5760919.0
S_65_0_S106496	0.25	4757258.0		82.2059	0.762729	86.41078530772204	4228167	65.45	3202604.0	45.286500000000004	0.932742	236066403.0	0.441165	99.97381050327752	46.87131829983101	44.0	51.0	9.090909090909092	4963822.0
S_66_0_S106495	0.3	5417752.0		81.145	0.76952	84.79599475614648	4734737	65.53	3659156.0	45.3463	0.921612	267713980.0	0.43905	99.95675858567581	47.704699282844786	43.0	51.0	9.090909090909092	5698241.0
S_67_0_S106498	0.22	4756400.0		81.6696	0.767522	85.75769128193214	4193064	65.12	3183855.0	46.8018	0.925019	233921997.0	0.43804	99.96576748176886	48.76871140288763	43.0	51.0	9.090909090909092	4960196.0
S_68_0_S106497	0.25	4626141.0		80.5596	0.757779	84.70585196221202	4033281	63.17	3007665.0	44.543	0.932608	229663556.0	0.441256	99.97244276749977	45.987105983054946	44.0	51.0	9.090909090909092	4829948.0
S_69_0_S106500	0.15	4755188.0		78.5931	0.75865	81.58853811269931	4011502	60.33	2966273.0	45.953	0.920867	235677326.0	0.43343	99.95819002444658	47.81487556556397	43.0	51.0	9.090909090909092	5020333.0
S_6_0_S106447	0.29	4718866.0		82.3877	0.766496	86.97691793318089	4214310	65.18	3158306.0	44.318999999999996	0.92871	232371397.0	0.443148	99.96654233128635	46.364478652125506	44.0	51.0	9.090909090909092	4907694.0
S_6_0_S115922	0.62	7035612.0		82.2242	0.898594	84.37758142274218	6234943	58.78	4343321.0	79.8011	0.948778	359229393.0	0.480917	99.98593944506868	80.11154877328414	48.0	51.0	9.090909090909092	7425027.0
S_70_0_S106499	0.26	4218564.0		81.4988	0.738882	84.87774308553197	3679945	64.8	2809353.0	41.6489	0.919865	207395844.0	0.435207	99.95407972582589	44.14581651549254	43.0	51.0	9.090909090909092	4422883.0
S_71_0_S106502	0.3	4445341.0		81.8596	0.747465	85.87396968447636	3911695	65.07	2964059.0	42.5852	0.925054	218287985.0	0.434419	99.96430869264815	44.63376964701589	43.0	51.0	9.090909090909092	4628578.0
S_72_0_S106501	0.25	4987545.0		82.1317	0.776547	85.57842896000561	4420125	64.43	3327651.0	49.3959	0.926883	246843703.0	0.446511	99.9678763142378	51.35941678332157	44.0	51.0	18.181818181818183	5223560.0
S_73_0_S106504	0.25	5130546.0		81.67750000000001	0.76643	84.83727830184942	4497236	64.4	3414056.0	46.229	0.919892	253863972.0	0.439675	99.95546415640412	48.38805027146411	43.0	51.0	9.090909090909092	5413617.0
S_74_0_S106503	0.35	4301340.0		81.358	0.749898	84.08169121867229	3779657	63.46	2852459.0	46.1544	0.932995	216767372.0	0.444596	99.97379729243077	47.911933659302186	44.0	51.0	9.090909090909092	4556781.0
S_75_0_S106506	0.22	4302159.0		81.30969999999999	0.748071	84.93425711587315	3774396	64.02	2845057.0	43.6757	0.925806	213159034.0	0.441764	99.96780333016312	45.862294703444014	44.0	51.0	9.090909090909092	4515995.0
S_76_0_S106505	0.7	4046638.0		82.3583	0.746505	86.16009086070642	3588996	65.34	2721846.0	41.3045	0.92989	200045161.0	0.459203	99.97210482707362	42.627248439943735	45.0	51.0	9.090909090909092	4219368.0
S_77_0_S106508	0.31	5086307.0		80.886	0.760952	84.53798543421124	4437409	65.11	3417734.0	44.4745	0.926582	251445058.0	0.442374	99.96541286258254	46.308507274865164	44.0	51.0	9.090909090909092	5322788.0
S_78_0_S106507	0.32	4347737.0		82.1413	0.747441	86.4518550229524	3863185	65.21	2914116.0	42.2457	0.928162	214028562.0	0.441718	99.96973127385127	43.40135172941786	44.0	51.0	9.090909090909092	4522820.0
S_79_0_S106510	0.29	5402062.0		82.0222	0.766879	86.20760146840485	4782146	64.88	3599139.0	43.4631	0.929804	267292648.0	0.434538	99.96890994507542	45.13457812605407	43.0	51.0	9.090909090909092	5638459.0
S_7_0_S106450	0.18	4087157.0		82.4765	0.748992	87.12101532505359	3652248	65.05	2727199.0	42.4448	0.931464	201238948.0	0.440852	99.97304909807697	44.19702062158801	44.0	51.0	9.090909090909092	4237335.0
S_7_0_S115925	0.42	6703887.0		81.92620000000001	0.918497	87.56567584751906	6069353	58.61	4062133.0	80.29560000000001	0.951022	337429813.0	0.483444	99.98610228231568	80.6696608761003	48.0	51.0	9.090909090909092	6957977.0
S_80_0_S106509	0.37	5501773.0		81.9539	0.768713	86.10170635988224	4871037	65.18	3687477.0	44.9038	0.930617	271233335.0	0.448041	99.96977191968777	46.64761253520729	44.0	51.0	9.090909090909092	5716539.0
S_81_0_S106512	0.21	4865688.0		81.5378	0.758828	85.70007722168468	4281581	64.8	3237620.0	43.986399999999996	0.92948	239948346.0	0.444376	99.97136243134143	45.381275543219026	44.0	51.0	9.090909090909092	5063279.0
S_82_0_S106511	0.26	4160242.0		82.0193	0.747343	85.49891042671464	3655529	65.44	2797850.0	44.3177	0.93156	206614666.0	0.440956	99.97314987587565	45.87536408651324	44.0	51.0	9.090909090909092	4350073.0
S_83_0_S106514	0.23	5157143.0		82.5423	0.773074	86.260947970075	4567261	65.56	3471183.0	46.8297	0.928354	253997899.0	0.43865	99.96770674669978	48.46394882138466	43.0	51.0	9.090909090909092	5366446.0
S_84_0_S106513	0.15	4320778.0		81.74369999999999	0.751823	85.10996257158911	3777924	65.28	2897748.0	45.3503	0.929654	213744237.0	0.439397	99.96933195552579	46.974995980015755	43.0	51.0	9.090909090909092	4509580.0
S_85_0_S106516	0.2	5061700.0		80.8774	0.757703	84.27137784687386	4394990	64.71	3374948.0	43.4098	0.92317	249830710.0	0.441468	99.95727683125196	45.94692724697914	44.0	51.0	9.090909090909092	5308595.0
S_86_0_S106515	0.14	4402940.0		80.6628	0.744253	84.27462523223025	3819444	65.21	2955524.0	43.6037	0.930337	217768490.0	0.438634	99.96850460930469	45.180596982355596	43.0	51.0	9.090909090909092	4591148.0
S_87_0_S106518	0.22	4761589.0		79.5902	0.739317	83.11420142934476	4071788	64.81	3175265.0	41.6136	0.926107	235994113.0	0.436858	99.96574804606809	43.317352008231545	43.0	51.0	9.090909090909092	4998255.0
S_88_0_S106517	0.25	4339120.0		81.22460000000001	0.746695	84.89837452574368	3788601	65.04	2902460.0	43.8735	0.926301	212895074.0	0.446219	99.9678127130245	46.24355632956232	44.0	51.0	9.090909090909092	4507991.0
S_89_0_S106520	0.2	5468738.0		80.6533	0.773984	84.8728275464293	4755910	64.88	3635694.0	46.6192	0.931983	269106084.0	0.447026	99.97255983862219	48.052416066024136	44.0	51.0	9.090909090909092	5663232.0
S_8_0_S106449	0.27	4815376.0		82.1979	0.768069	86.39498987364632	4286325	64.57	3203664.0	45.7714	0.922869	236917284.0	0.440105	99.96070034799752	47.39146368894117	44.0	51.0	9.090909090909092	5035668.0
S_8_0_S115924	0.43	8780102.0		81.6541	0.887047	84.80276053977633	7784600	60.8	5580965.0	76.0333	0.951489	448217628.0	0.476947	99.98598174140761	76.4169034496553	47.0	51.0	9.090909090909092	9237952.0
S_90_0_S106519	0.36	4503701.0		81.5058	0.761526	84.33410064743067	3920425	65.0	3021832.0	45.5193	0.929953	223680452.0	0.455597	99.97206188187178	47.31247935922753	45.0	51.0	9.090909090909092	4717569.0
S_91_0_S106522	0.35	3727502.0		80.5393	0.731947	83.45371542801804	3222874	64.82	2503334.0	42.5948	0.931561	185384839.0	0.448798	99.97046014284173	44.32095287909282	44.0	51.0	9.090909090909092	3903201.0
S_92_0_S106521	0.29	3964716.0		80.56750000000001	0.756559	83.11892176613905	3421105	65.19	2683193.0	47.993900000000004	0.930211	197461076.0	0.4489	99.97132192246879	49.975369827371686	44.0	51.0	9.090909090909092	4163459.0
S_93_0_S106524	0.38	4138831.0		79.59469999999999	0.741299	81.86424350382862	3514802	63.61	2731203.0	43.8154	0.922859	206039565.0	0.450993	99.96056551832481	47.32361841590763	45.0	51.0	9.090909090909092	4379416.0
S_94_0_S106523	0.27	3524283.0		82.66130000000001	0.743142	85.70928287294866	3096019	65.36	2360985.0	45.8147	0.921463	172660647.0	0.437646	99.95905380275903	48.14873334562131	43.0	51.0	9.090909090909092	3675555.0
S_95_0_S106526	0.21	4156438.0		82.5511	0.752801	85.11151483822105	3632099	65.73	2804980.0	44.7421	0.917537	204209110.0	0.433929	99.94865111847575	47.706203738690114	43.0	51.0	9.090909090909092	4366210.0
S_96_0_S106525	0.25	3841824.0		83.5798	0.767056	86.26976984836405	3428126	65.46	2601331.0	48.7755	0.928958	190197089.0	0.448303	99.9694455677895	51.80453385482684	44.0	51.0	18.181818181818183	4015784.0
S_97_0_S106528	0.32	4377305.0		83.2397	0.780583	86.0545079133828	3897277	64.71	2930640.0	50.7296	0.927335	216987713.0	0.446795	99.96866755623498	53.09821669778191	44.0	51.0	18.181818181818183	4589492.0
S_98_0_S106527	0.28	4648784.0		83.09450000000001	0.809224	85.89488283816337	4118359	64.89	3111071.0	56.57919999999999	0.929145	230569546.0	0.439716	99.96897627033955	59.30753221719422	43.0	51.0	18.181818181818183	4867242.0
S_99_0_S106530	0.25	4236760.0		82.5693	0.77005	86.006913230621	3756161	65.36	2854455.0	48.7425	0.930628	209916644.0	0.44661	99.97188113404924	50.73668677624492	44.0	51.0	18.181818181818183	4424076.0
S_9_0_S106452	0.25	4391521.0		82.35900000000001	0.758408	86.90466777627542	3923837	65.15	2941392.0	44.7367	0.933678	217324136.0	0.439644	99.97253133596278	46.23035877954844	43.0	51.0	9.090909090909092	4565202.0
S_9_0_S115927	0.92	7142585.0		84.2311	0.886542	87.43404641947147	6463902	60.88	4500605.0	75.12140000000001	0.944561	357886949.0	0.482874	99.98309673699734	75.49673002733351	48.0	51.0	9.090909090909092	7430518.0
