Sample	PF_BASES	PF_ALIGNED_BASES	RIBOSOMAL_BASES	CODING_BASES	UTR_BASES	INTRONIC_BASES	INTERGENIC_BASES	IGNORED_READS	CORRECT_STRAND_READS	INCORRECT_STRAND_READS	NUM_R1_TRANSCRIPT_STRAND_READS	NUM_R2_TRANSCRIPT_STRAND_READS	NUM_UNEXPLAINED_READS	PCT_R1_TRANSCRIPT_STRAND_READS	PCT_R2_TRANSCRIPT_STRAND_READS	PCT_RIBOSOMAL_BASES	PCT_CODING_BASES	PCT_UTR_BASES	PCT_INTRONIC_BASES	PCT_INTERGENIC_BASES	PCT_MRNA_BASES	PCT_USABLE_BASES	PCT_CORRECT_STRAND_READS	MEDIAN_CV_COVERAGE	MEDIAN_5PRIME_BIAS	MEDIAN_3PRIME_BIAS	MEDIAN_5PRIME_TO_3PRIME_BIAS	SAMPLE	LIBRARY	READ_GROUP	PF_NOT_ALIGNED_BASES
R10_S123915	1273597404.0	1233339899.0		321901687.0	745926992.0	67821137.0	97690083.0	0.0	0.0	0.0	8776135.0	37262.0	372669.0	99.5772	0.4228		26.1	60.480199999999996	5.499	7.9208	86.58019999999999	83.8435	0.0	1.596832	0.001808	3.218424	0.00018				40257505.0
R11_S123918	1610277774.0	1543428086.0		376161943.0	948090250.0	85027963.0	134147930.0	0.0	0.0	0.0	11165249.0	48771.0	475058.0	99.5651	0.43489999999999995		24.3718	61.427600000000005	5.509	8.6916	85.7994	82.2375	0.0	1.613564	0.002672	3.298221	0.000317				66849688.0
R12_S123917	1059306334.0	1013936252.0		252190806.0	621228876.0	53372732.0	87143838.0	0.0	0.0	0.0	7269575.0	29827.0	291782.0	99.5914	0.4086		24.8725	61.269	5.2639	8.5946	86.14150000000001	82.452	0.0	1.60582	0.001495	3.232888	2.7e-05				45370082.0
R13_S123920	1004807063.0	969860389.0		243677243.0	572160369.0	67034175.0	86988602.0	0.0	0.0	0.0	6741703.0	31976.0	280119.0	99.5279	0.4721		25.124999999999996	58.9941	6.9117	8.969199999999999	84.1191	81.1935	0.0	1.574195	2.9e-05	3.096021	0.0				34946674.0
R14_S123919	966675655.0	926489948.0		216241832.0	557006887.0	64278747.0	88962482.0	0.0	0.0	0.0	6726207.0	29237.0	313083.0	99.5672	0.4328		23.3399	60.1201	6.9379	9.6021	83.46000000000001	79.9905	0.0	1.928828	0.0	4.027205	0.0				40185707.0
R15_S123922	841441644.0	811998928.0		204352356.0	478454591.0	58024766.0	71167215.0	0.0	0.0	0.0	5770743.0	26592.0	242288.0	99.54129999999999	0.4587		25.1666	58.9231	7.145899999999999	8.7644	84.0896	81.1473	0.0	1.597033	0.000608	3.126958	0.0				29442716.0
R16_S123921	1147561007.0	1107475204.0		276033574.0	665073239.0	72366049.0	94002342.0	0.0	0.0	0.0	7754309.0	36618.0	331768.0	99.53	0.47000000000000003		24.924599999999998	60.0531	6.5343	8.488	84.9777	82.0093	0.0	1.584055	0.004589	3.196058	0.000659				40085803.0
R17_S123924	1217309049.0	1165114882.0		278027399.0	696544074.0	82054936.0	108488473.0	0.0	0.0	0.0	8176018.0	39234.0	348615.0	99.5224	0.47759999999999997		23.8627	59.7833	7.0426	9.3114	83.646	80.0595	0.0	1.668455	0.001011	3.318718	4e-05				52194167.0
R18_S123923	1224385006.0	1182629275.0		282067275.0	686223958.0	101198311.0	113139731.0	0.0	0.0	0.0	8130160.0	40614.0	355523.0	99.50290000000001	0.4971		23.8509	58.0253	8.5571	9.5668	81.8761	79.0839	0.0	1.71022	0.000203	3.466608	0.0				41755731.0
R19_S123890	1432206289.0	1385553253.0		365692419.0	827812778.0	86955519.0	105092537.0	0.0	0.0	0.0	9621018.0	43934.0	408474.0	99.5454	0.45459999999999995		26.3932	59.746	6.275899999999999	7.5849	86.13929999999999	83.3333	0.0	1.522841	0.0034	3.092066	0.000566				46653036.0
R1_S123908	1500426603.0	1443100548.0		364676222.0	867375447.0	96009407.0	115039472.0	0.0	0.0	0.0	10487310.0	43540.0	444185.0	99.5865	0.4135		25.270300000000002	60.105	6.6530000000000005	7.971699999999999	85.3753	82.1134	0.0	1.818657	0.0	3.606204	0.0				57326055.0
R20_S123889	1034230837.0	1000625386.0		266366128.0	597607253.0	62850565.0	73801440.0	0.0	0.0	0.0	7080007.0	31224.0	314401.0	99.5609	0.4391		26.619999999999997	59.723400000000005	6.2811	7.3755	86.3433	83.53779999999999	0.0	1.634391	0.0	3.287334	0.0				33605451.0
R21_S123892	1369206964.0	1328605554.0		337756506.0	806475470.0	81039663.0	103333915.0	0.0	0.0	0.0	9327188.0	40953.0	394456.0	99.5628	0.4372		25.421899999999997	60.700900000000004	6.099600000000001	7.7776	86.1228	83.569	0.0	1.57165	0.003636	3.161435	0.000569				40601410.0
R22_S123891	1165735711.0	1128870067.0		275711986.0	682488821.0	75547275.0	95121985.0	0.0	0.0	0.0	7995445.0	37576.0	321039.0	99.5322	0.4678		24.4237	60.4577	6.6922999999999995	8.426300000000001	84.8814	82.1971	0.0	1.598254	0.00301	3.267818	0.000447				36865644.0
R23_S123894	1260910179.0	1212040165.0		336806636.0	719577373.0	74222199.0	81433957.0	0.0	0.0	0.0	8377075.0	40346.0	331044.0	99.52069999999999	0.47930000000000006		27.788400000000003	59.369099999999996	6.1237	6.7188	87.1575	83.7795	0.0	1.480008	0.005054	2.91437	0.000791				48870014.0
R24_S123893	2244157668.0	2165731109.0		569361633.0	1288947172.0	144248460.0	163173844.0	0.0	0.0	0.0	14868200.0	71145.0	614567.0	99.5238	0.47619999999999996		26.2896	59.5156	6.6605	7.5344	85.8051	82.8065	0.0	1.601965	0.002588	3.13654	0.000433				78426559.0
R25_S123896	989342707.0	955688259.0		237418817.0	573144788.0	66966443.0	78158211.0	0.0	0.0	0.0	6678371.0	31172.0	290868.0	99.5354	0.4646		24.8427	59.9719	7.007099999999999	8.178199999999999	84.8146	81.9295	0.0	1.67876	0.000113	3.330359	0.0				33654448.0
R26_S123895	1016449167.0	980818271.0		251618814.0	583746734.0	69058545.0	76394178.0	0.0	0.0	0.0	6776547.0	32274.0	298013.0	99.52600000000001	0.47400000000000003		25.654	59.5163	7.0409	7.7888	85.1703	82.18469999999999	0.0	1.633883	0.0	3.279675	0.0				35630896.0
R27_S123898	716013474.0	684489494.0		194259068.0	398877218.0	45463760.0	45889448.0	0.0	0.0	0.0	4667972.0	21714.0	216687.0	99.53699999999999	0.46299999999999997		28.380100000000002	58.2737	6.642	6.7042	86.6538	82.8387	0.0	1.603007	0.0	3.151468	0.0				31523980.0
R28_S123897	988416488.0	956641729.0		234768605.0	583022266.0	57753405.0	81097453.0	0.0	0.0	0.0	6820691.0	29707.0	299874.0	99.5663	0.4337		24.5409	60.9447	6.0371	8.4773	85.48559999999999	82.7375	0.0	1.730352	0.0	3.464379	0.0				31774759.0
R29_S123900	751975432.0	726574797.0		194821435.0	431398467.0	47188504.0	53166391.0	0.0	0.0	0.0	5053639.0	23158.0	235944.0	99.5438	0.4562		26.8137	59.374300000000005	6.494700000000001	7.3174	86.1879	83.2766	0.0	1.742358	0.0	3.447509	0.0				25400635.0
R2_S123907	1247202328.0	1199441478.0		294103511.0	728495197.0	73381139.0	103461631.0	0.0	0.0	0.0	8631816.0	35304.0	336692.0	99.59270000000001	0.4073		24.52	60.7362	6.1179	8.6258	85.2562	81.9914	0.0	1.691722	0.001366	3.291557	0.000107				47760850.0
R30_S123899	1158879148.0	1123291476.0		280342124.0	679706601.0	71764992.0	91477759.0	0.0	0.0	0.0	7967917.0	35946.0	363364.0	99.5509	0.4491		24.9572	60.510299999999994	6.3888	8.143699999999999	85.4675	82.8429	0.0	1.670084	0.001918	3.37711	0.000107				35587672.0
R31_S123902	1260296372.0	1212362891.0		302869770.0	712896794.0	99478450.0	97117877.0	0.0	0.0	0.0	8562097.0	42820.0	402477.0	99.50240000000001	0.49760000000000004		24.9818	58.802299999999995	8.2053	8.0106	83.784	80.5974	0.0	1.718038	0.0	3.518242	0.0				47933481.0
R32_S123901	1125990759.0	1088844278.0		267707584.0	652322513.0	79116316.0	89697865.0	0.0	0.0	0.0	7620364.0	36949.0	348693.0	99.5175	0.48250000000000004		24.5864	59.9096	7.266100000000001	8.2379	84.49600000000001	81.7085	0.0	1.695522	0.000742	3.512297	0.0				37146481.0
R33_S123904	958003412.0	928780070.0		232580239.0	542861264.0	71720220.0	81618347.0	0.0	0.0	0.0	6229651.0	32836.0	293858.0	99.4757	0.5243		25.0415	58.4488	7.7219999999999995	8.7877	83.49029999999999	80.9435	0.0	1.674774	0.002165	3.344358	0.000174				29223342.0
R34_S123903	1282341002.0	1244891358.0		304943263.0	748010839.0	84056834.0	107880422.0	0.0	0.0	0.0	8604471.0	40977.0	425452.0	99.52600000000001	0.47400000000000003		24.4956	60.0864	6.7520999999999995	8.6659	84.58200000000001	82.1119	0.0	1.797204	0.0	3.718494	0.0				37449644.0
R35_S123906	1370249744.0	1328010534.0		342705044.0	800391377.0	81715514.0	103198599.0	0.0	0.0	0.0	9130491.0	41117.0	434945.0	99.5517	0.4483		25.805899999999998	60.27	6.1532	7.7709	86.0759	83.4225	0.0	1.717332	2.4e-05	3.474662	0.0				42239210.0
R36_S123905	1116355688.0	1079596533.0		267389574.0	653987844.0	67366005.0	90853110.0	0.0	0.0	0.0	7448205.0	35228.0	351422.0	99.52929999999999	0.4707		24.767500000000002	60.577099999999994	6.2399000000000004	8.4155	85.3446	82.53439999999999	0.0	1.656762	0.002134	3.390739	0.000143				36759155.0
R3_S123910	1285613110.0	1239490972.0		317720277.0	742676224.0	79852507.0	99241964.0	0.0	0.0	0.0	8855734.0	39475.0	368185.0	99.55619999999999	0.44380000000000003		25.6331	59.9178	6.442399999999999	8.0067	85.551	82.4818	0.0	1.607089	0.002705	3.196559	0.000397				46122138.0
R4_S123909	996208826.0	962829379.0		239213882.0	581734982.0	60374650.0	81505865.0	0.0	0.0	0.0	6930003.0	30089.0	282032.0	99.5677	0.43229999999999996		24.8449	60.4193	6.270499999999999	8.465200000000001	85.2642	82.4073	0.0	1.621472	0.002087	3.199621	0.000118				33379447.0
R5_S123912	974047397.0	932917770.0		252238075.0	552190905.0	55763517.0	72725273.0	0.0	0.0	0.0	6672825.0	28290.0	279232.0	99.57780000000001	0.4222		27.037499999999998	59.1897	5.9773	7.7955	86.22720000000001	82.5862	0.0	1.57941	0.003353	3.058191	0.000323				41129627.0
R6_S123911	1189790396.0	1153059689.0		295921567.0	695781398.0	65197436.0	96159288.0	0.0	0.0	0.0	8214759.0	32380.0	309823.0	99.6074	0.3926		25.663999999999998	60.3422	5.6543	8.3395	86.00619999999999	83.3511	0.0	1.560008	0.003017	3.070097	0.000324				36730707.0
R7_S123914	761101837.0	734331418.0		195090363.0	438148967.0	44987283.0	56104805.0	0.0	0.0	0.0	5189813.0	22505.0	205092.0	99.56819999999999	0.43179999999999996		26.5671	59.666399999999996	6.1263	7.6403	86.23349999999999	83.2003	0.0	1.579767	0.001743	3.06253	6.4e-05				26770419.0
R8_S123913	1883178222.0	1825568492.0		481095795.0	1084629868.0	115123437.0	144719392.0	0.0	0.0	0.0	12738490.0	54806.0	506882.0	99.5716	0.42839999999999995		26.353199999999998	59.4133	6.3062000000000005	7.9274	85.76650000000001	83.1427	0.0	1.591395	0.003572	3.069973	0.000552				57609730.0
R9_S123916	1777352003.0	1715446027.0		439439100.0	1034229793.0	105962303.0	135814831.0	0.0	0.0	0.0	12068187.0	54277.0	507759.0	99.5523	0.4477		25.616600000000002	60.289300000000004	6.177	7.9172	85.9059	82.9137	0.0	1.635702	0.001059	3.263609	3.5e-05				61905976.0
S_100_0_S106529	227948084.0	216284826.0		44271509.0	135449755.0	17179801.0	19383761.0	0.0	0.0	0.0	2983803.0	18806.0	119940.0	99.3737	0.6263000000000001		20.4691	62.625600000000006	7.9431	8.962100000000001	83.0947	78.84309999999999	0.0	2.318456	0.0	4.010721	0.0				11663258.0
S_101_0_S106532	214461894.0	203211526.0		42030954.0	125766177.0	17185457.0	18228938.0	0.0	0.0	0.0	2791867.0	17449.0	105392.0	99.3789	0.6211		20.6834	61.889300000000006	8.456900000000001	8.970400000000001	82.5726	78.241	0.0	2.418425	0.0	3.901193	0.0				11250368.0
S_102_0_S106531	274726223.0	259666739.0		51085607.0	160578414.0	22493303.0	25509415.0	0.0	0.0	0.0	3514991.0	24256.0	142457.0	99.3147	0.6853		19.6735	61.8402	8.6624	9.8239	81.5137	77.0454	0.0	2.303468	0.0	4.052565	0.0				15059484.0
S_103_0_S106534	253955175.0	240821203.0		46041838.0	150314512.0	21682220.0	22782633.0	0.0	0.0	0.0	3251228.0	23384.0	141873.0	99.2859	0.7141		19.1187	62.417500000000004	9.0035	9.4604	81.53620000000001	77.3193	0.0	2.362465	0.0	4.230616	0.0				13133972.0
S_104_0_S106533	253050478.0	239275155.0		52651515.0	143425194.0	21087221.0	22111225.0	0.0	0.0	0.0	3245558.0	22147.0	119410.0	99.32220000000001	0.6778000000000001		22.0046	59.941500000000005	8.813	9.2409	81.9461	77.48519999999999	0.0	2.270053	0.0	3.450434	0.0				13775323.0
S_106_0_S106536	225928769.0	212287579.0		45279363.0	128118138.0	19368727.0	19521351.0	0.0	0.0	0.0	2880900.0	20317.0	111524.0	99.2997	0.7002999999999999		21.3293	60.351200000000006	9.1238	9.1957	81.6805	76.7487	0.0	2.080708	0.0	3.415154	0.0				13641190.0
S_107_0_S106535	186814827.0	174464540.0		37172054.0	102913532.0	17998800.0	16380154.0	0.0	0.0	0.0	2310088.0	18054.0	87479.0	99.2245	0.7755		21.3064	58.9882	10.3166	9.3888	80.2946	74.9863	0.0	2.061488	0.0	3.260061	0.0				12350287.0
S_108_0_S106538	233747870.0	220081157.0		44542648.0	135241619.0	19493194.0	20803696.0	0.0	0.0	0.0	2978423.0	21234.0	119848.0	99.2921	0.7079		20.2392	61.45080000000001	8.8573	9.4527	81.69	76.9138	0.0	2.11476	0.0	3.595496	0.0				13666713.0
S_109_0_S106537	177560849.0	167187708.0		33789579.0	103481044.0	14436139.0	15480946.0	0.0	0.0	0.0	2264344.0	15555.0	92037.0	99.3177	0.6823		20.2106	61.8951	8.634699999999999	9.259599999999999	82.1057	77.3091	0.0	2.107421	0.0	3.654191	0.0				10373141.0
S_10_0_S115926	352900376.0	333762831.0		81187709.0	194543163.0	27935404.0	30096555.0	0.0	0.0	0.0	4468564.0	31893.0	173667.0	99.2913	0.7087		24.325	58.287800000000004	8.3698	9.0173	82.6128	78.1328	0.0	2.000052	0.0	2.764701	0.0				19137545.0
S_11_0_S115929	367996213.0	344691951.0		70513839.0	189597384.0	26028232.0	58552496.0	0.0	0.0	0.0	4368533.0	25543.0	145885.0	99.4187	0.5812999999999999		20.4571	55.0049	7.5512	16.9869	75.4619	70.6831	0.0	2.09571	0.0	3.012543	0.0				23304262.0
S_12_0_S115928	348994146.0	326859144.0		83650757.0	182749781.0	29077663.0	31380943.0	0.0	0.0	0.0	4350365.0	30060.0	146408.0	99.3138	0.6862		25.5923	55.9109	8.8961	9.6008	81.50319999999999	76.3338	0.0	1.933408	0.0	2.309286	0.0				22135002.0
S_13_0_S115931	351849575.0	332622180.0		82392265.0	192799279.0	29204567.0	28226069.0	0.0	0.0	0.0	4502613.0	25186.0	139422.0	99.4437	0.5563		24.770500000000002	57.9634	8.780100000000001	8.4859	82.734	78.2128	0.0	2.031259	0.0	2.474117	0.0				19227395.0
S_14_0_S115930	367149125.0	345984365.0		88215755.0	198973721.0	29754235.0	29040654.0	0.0	0.0	0.0	4631284.0	23983.0	147984.0	99.48479999999999	0.5152		25.496999999999996	57.5095	8.5999	8.3936	83.0065	78.2215	0.0	2.279123	0.0	2.741251	0.0				21164760.0
S_15_0_S115933	432778278.0	406319693.0		86566118.0	251628803.0	33035299.0	35089473.0	0.0	0.0	0.0	5355372.0	27307.0	262758.0	99.4927	0.5073		21.3049	61.928799999999995	8.1304	8.635900000000001	83.2337	78.1451	0.0	2.617856	0.0	3.628547	0.0				26458585.0
S_16_0_S106451	246016301.0	232945188.0		46145224.0	143757052.0	19171087.0	23871825.0	0.0	0.0	0.0	3158971.0	21149.0	136824.0	99.335	0.6649999999999999		19.8095	61.7128	8.229899999999999	10.2478	81.5223	77.1909	0.0	2.382486	0.0	4.120981	0.0				13071113.0
S_16_0_S115932	484030710.0	451716614.0		99289400.0	250195302.0	41376844.0	60855068.0	0.0	0.0	0.0	5854861.0	32204.0	184628.0	99.453	0.547		21.9805	55.387699999999995	9.1599	13.472000000000001	77.3681	72.20299999999999	0.0	2.093281	0.0	2.847378	0.0				32314096.0
S_17_0_S106454	273946666.0	261317977.0		51873763.0	162890036.0	21326030.0	25228148.0	0.0	0.0	0.0	3540476.0	23745.0	172216.0	99.33380000000001	0.6662		19.8508	62.334	8.161	9.6542	82.1849	78.39620000000001	0.0	2.472371	0.0	4.412861	0.0				12628689.0
S_17_0_S115935	335844954.0	318300492.0		77210576.0	188883139.0	26580080.0	25626697.0	0.0	0.0	0.0	4295080.0	26278.0	141442.0	99.39189999999999	0.6081		24.2571	59.341100000000004	8.3506	8.0511	83.59830000000001	79.2311	0.0	2.009762	0.0	2.33923	0.0				17544462.0
S_18_0_S106453	260795966.0	247505893.0		51319750.0	151023473.0	20599992.0	24562678.0	0.0	0.0	0.0	3382050.0	21662.0	144741.0	99.36359999999999	0.6364		20.7348	61.0181	8.323	9.9241	81.7529	77.5868	0.0	2.432754	0.0	4.224326	0.0				13290073.0
S_18_0_S115934	333512712.0	311520461.0		72494508.0	178561285.0	32555629.0	27909039.0	0.0	0.0	0.0	4054188.0	27931.0	155356.0	99.3158	0.6842		23.2712	57.3193	10.4506	8.959	80.59049999999999	75.2762	0.0	2.078891	0.0	2.892067	0.0				21992251.0
S_19_0_S106456	250239762.0	236882114.0		49830665.0	145450827.0	18254442.0	23346180.0	0.0	0.0	0.0	3246561.0	22315.0	133327.0	99.3173	0.6827		21.036099999999998	61.40219999999999	7.7061	9.8556	82.4383	78.0378	0.0	2.217198	0.0	3.697692	0.0				13357648.0
S_19_0_S115937	319121154.0	300924236.0		64909337.0	162803227.0	32108372.0	41103300.0	0.0	0.0	0.0	3805757.0	22563.0	118390.0	99.4106	0.5894		21.57	54.1011	10.6699	13.658999999999999	75.6711	71.3561	0.0	2.098601	0.0	2.824892	0.0				18196918.0
S_1_0_S115919	573076126.0	544208258.0		102244966.0	346504996.0	43394872.0	52063424.0	0.0	0.0	0.0	7073087.0	39630.0	466322.0	99.44279999999999	0.5571999999999999		18.787799999999997	63.6714	7.9739	9.5668	82.4592	78.3055	0.0	2.81176	0.0	4.396305	0.0				28867868.0
S_20_0_S106455	236427185.0	224465650.0		45044457.0	138347894.0	17471327.0	23601972.0	0.0	0.0	0.0	3066321.0	21345.0	137068.0	99.3087	0.6913		20.0674	61.634299999999996	7.7835	10.514700000000001	81.7017	77.5682	0.0	2.37232	0.0	4.156591	0.0				11961535.0
S_20_0_S115936	353040624.0	332009339.0		72810395.0	181698798.0	31343673.0	46156473.0	0.0	0.0	0.0	4291348.0	23952.0	108108.0	99.445	0.555		21.9302	54.727000000000004	9.4406	13.9022	76.6572	72.09060000000001	0.0	2.00081	0.0	2.47095	0.0				21031285.0
S_21_0_S106458	272095082.0	258431784.0		50774595.0	161854982.0	19692541.0	26109666.0	0.0	0.0	0.0	3536202.0	24748.0	159952.0	99.30499999999999	0.695		19.6472	62.6297	7.62	10.1031	82.2769	78.14529999999999	0.0	2.357673	0.0	4.197966	0.0				13663298.0
S_21_0_S115939	343732132.0	323621683.0		81583720.0	181421230.0	33230801.0	27385932.0	0.0	0.0	0.0	4259780.0	27849.0	127060.0	99.3505	0.6495		25.2096	56.0597	10.2684	8.4623	81.2693	76.5145	0.0	2.008962	0.0	2.255376	0.0				20110449.0
S_22_0_S115938	397506550.0	366941065.0		77605653.0	213223926.0	41813927.0	34297559.0	0.0	0.0	0.0	4660798.0	28613.0	188239.0	99.3898	0.6102		21.1494	58.1085	11.3953	9.3469	79.2578	73.1635	0.0	2.465485	0.0	3.088444	0.0				30565485.0
S_23_0_S115941	434320044.0	407597933.0		84806599.0	238540463.0	45545142.0	38705729.0	0.0	0.0	0.0	5169448.0	32042.0	220925.0	99.384	0.616		20.8064	58.5235	11.174000000000001	9.4961	79.3299	74.449	0.0	2.511253	0.0	3.425235	0.0				26722111.0
S_24_0_S115940	465865329.0	436162239.0		106181858.0	222131007.0	64937365.0	42912009.0	0.0	0.0	0.0	5411456.0	36309.0	172388.0	99.3335	0.6665		24.3446	50.9285	14.888399999999999	9.8385	75.2731	70.4738	0.0	2.094979	0.0	2.687683	0.0				29703090.0
S_25_0_S106457	219270266.0	207872786.0		40813338.0	126073293.0	19052841.0	21933314.0	0.0	0.0	0.0	2793720.0	18745.0	114894.0	99.3335	0.6665		19.6338	60.6493	9.1656	10.5513	80.28309999999999	76.11	0.0	2.298286	0.0	3.942215	0.0				11397480.0
S_25_0_S115943	305739126.0	290291420.0		72568554.0	172673598.0	21957921.0	23091347.0	0.0	0.0	0.0	3967757.0	23978.0	132473.0	99.3993	0.6007		24.9985	59.482800000000005	7.5641	7.9545	84.4814	80.2129	0.0	1.880071	0.000729	2.307471	0.0				15447706.0
S_26_0_S106460	208270200.0	197812326.0		45473620.0	115084245.0	18974526.0	18279935.0	0.0	0.0	0.0	2660750.0	16444.0	123694.0	99.3858	0.6142		22.9883	58.1785	9.5922	9.241000000000001	81.1668	77.0911	0.0	2.45088	0.0	4.144736	0.0				10457874.0
S_26_0_S115942	399490318.0	371027406.0		70468442.0	199464957.0	35431565.0	65662442.0	0.0	0.0	0.0	4580222.0	27546.0	164227.0	99.4022	0.5978		18.992800000000003	53.760200000000005	9.5496	17.697499999999998	72.753	67.5694	0.0	2.138687	0.0	3.398121	0.0				28462912.0
S_27_0_S106459	218821403.0	207203840.0		42167152.0	127472539.0	17521296.0	20042853.0	0.0	0.0	0.0	2829712.0	19218.0	115709.0	99.3254	0.6746		20.3506	61.520399999999995	8.4561	9.673	81.8709	77.5243	0.0	2.299822	0.0	3.967779	0.0				11617563.0
S_27_0_S115945	348805262.0	325145380.0		79183042.0	188159099.0	30188197.0	27615042.0	0.0	0.0	0.0	4339607.0	27184.0	139968.0	99.3775	0.6224999999999999		24.3531	57.8692	9.2845	8.4931	82.2223	76.6451	0.0	2.057077	0.0	2.537303	0.0				23659882.0
S_28_0_S106462	265017344.0	252064084.0		52808927.0	148814987.0	26478366.0	23961804.0	0.0	0.0	0.0	3353745.0	24215.0	138098.0	99.2831	0.7169		20.9506	59.038599999999995	10.5046	9.5062	79.98910000000001	76.0795	0.0	2.28547	0.0	3.784003	0.0				12953260.0
S_28_0_S115944	355470220.0	333321243.0		83814291.0	189856588.0	28661370.0	30988994.0	0.0	0.0	0.0	4485801.0	25442.0	141447.0	99.436	0.5640000000000001		25.145200000000003	56.959	8.5987	9.297	82.1042	76.9884	0.0	2.019383	0.0	2.486781	0.0				22148977.0
S_29_0_S106461	252011865.0	237902561.0		50328531.0	140935709.0	23151214.0	23487107.0	0.0	0.0	0.0	3213786.0	21374.0	124479.0	99.3393	0.6607		21.155099999999997	59.240899999999996	9.731399999999999	9.8726	80.396	75.89489999999999	0.0	2.270415	0.0	3.852612	0.0				14109304.0
S_29_0_S115947	391793208.0	367204887.0		80678453.0	200369116.0	36957817.0	49199501.0	0.0	0.0	0.0	4701669.0	27311.0	140123.0	99.4225	0.5775		21.971	54.566	10.0646	13.398399999999999	76.537	71.7337	0.0	2.157796	0.0	2.932674	0.0				24588321.0
S_2_0_S115918	476169871.0	445998932.0		80761575.0	279828563.0	38756419.0	46652375.0	0.0	0.0	0.0	5679634.0	37063.0	429648.0	99.3517	0.6483		18.108	62.742	8.6898	10.4602	80.85	75.7272	0.0	2.799026	0.0	4.689463	0.0				30170939.0
S_30_0_S106464	245117010.0	231981547.0		53385253.0	132645997.0	23000065.0	22950232.0	0.0	0.0	0.0	3115985.0	20884.0	123357.0	99.3342	0.6658		23.0127	57.179500000000004	9.9146	9.8931	80.1923	75.89489999999999	0.0	2.228043	0.0	3.533996	0.0				13135463.0
S_30_0_S115946	398623789.0	374114752.0		91177157.0	206423122.0	36772996.0	39741477.0	0.0	0.0	0.0	4927530.0	30071.0	137733.0	99.3934	0.6066		24.371399999999998	55.1764	9.8293	10.6228	79.5479	74.65690000000001	0.0	1.952959	0.0	2.292076	0.0				24509037.0
S_31_0_S115949	374752468.0	351092799.0		82541965.0	196550928.0	33123657.0	38876249.0	0.0	0.0	0.0	4634763.0	26460.0	147259.0	99.4323	0.5677		23.51	55.982600000000005	9.4344	11.072899999999999	79.4926	74.4739	0.0	2.08841	0.0	2.73508	0.0				23659669.0
S_32_0_S115948	449315135.0	421311613.0		87843082.0	228871513.0	33471447.0	71125571.0	0.0	0.0	0.0	5395827.0	26130.0	171579.0	99.5181	0.48190000000000005		20.849899999999998	54.323600000000006	7.9446	16.881899999999998	75.1735	70.48830000000001	0.0	2.062093	0.0	3.059269	0.0				28003522.0
S_33_0_S115951	406220946.0	382177418.0		78963565.0	214371198.0	31331841.0	57510814.0	0.0	0.0	0.0	4947144.0	24972.0	158156.0	99.4978	0.5022000000000001		20.6615	56.0921	8.1982	15.048200000000001	76.7536	72.2106	0.0	2.056552	0.000501	2.948633	0.0				24043528.0
S_34_0_S106463	214770929.0	202631516.0		41420689.0	124786247.0	16568341.0	19856239.0	0.0	0.0	0.0	2782319.0	18093.0	113428.0	99.3539	0.6461		20.4414	61.582800000000006	8.1766	9.799199999999999	82.02420000000001	77.388	0.0	2.196125	0.0	3.790878	0.0				12139413.0
S_34_0_S115950	388426529.0	368822406.0		70146663.0	230958578.0	34317774.0	33399391.0	0.0	0.0	0.0	4814632.0	31641.0	269713.0	99.3471	0.6529		19.0191	62.6205	9.3047	9.0557	81.6396	77.5192	0.0	2.645294	0.0	4.126815	0.0				19604123.0
S_35_0_S106466	197352238.0	185513731.0		37674933.0	114069570.0	14774999.0	18994229.0	0.0	0.0	0.0	2531378.0	16307.0	103295.0	99.3599	0.6401		20.3084	61.4885	7.9644	10.238700000000001	81.7969	76.8902	0.0	2.194166	0.0	3.745142	0.0				11838507.0
S_35_0_S115953	408859308.0	388704465.0		74224921.0	239616676.0	38191934.0	36670934.0	0.0	0.0	0.0	5002362.0	31348.0	280928.0	99.3772	0.6228		19.0955	61.645	9.8254	9.434099999999999	80.7404	76.7603	0.0	2.606142	0.0	4.14008	0.0				20154843.0
S_36_0_S106465	211366230.0	197622088.0		37073704.0	115768174.0	19989595.0	24790615.0	0.0	0.0	0.0	2575130.0	17888.0	103486.0	99.3101	0.6899		18.7599	58.580600000000004	10.1151	12.5445	77.3405	72.3114	0.0	2.1427	0.0	3.702571	0.0				13744142.0
S_36_0_S115952	434546780.0	410830072.0		81459895.0	253210602.0	37803423.0	38356152.0	0.0	0.0	0.0	5348276.0	28388.0	265353.0	99.47200000000001	0.528		19.828100000000003	61.6339	9.2017	9.3363	81.462	77.01599999999999	0.0	2.627407	0.0	3.642182	0.0				23716708.0
S_37_0_S106468	225905141.0	211500823.0		44354310.0	130255672.0	16372095.0	20518746.0	0.0	0.0	0.0	2880788.0	18137.0	121579.0	99.3744	0.6256		20.9712	61.5864	7.740900000000001	9.701500000000001	82.5576	77.29350000000001	0.0	2.236374	0.0	3.816203	0.0				14404318.0
S_37_0_S115955	377615812.0	355672955.0		72901557.0	215023518.0	33929116.0	33818764.0	0.0	0.0	0.0	4515198.0	24577.0	268682.0	99.45859999999999	0.5414		20.4968	60.455400000000004	9.5394	9.5084	80.95219999999999	76.2482	0.0	2.646042	0.0	3.597495	0.0				21942857.0
S_38_0_S106467	269693168.0	254632482.0		49034240.0	154987674.0	20688407.0	29922161.0	0.0	0.0	0.0	3396223.0	20908.0	150061.0	99.38810000000001	0.6119		19.256899999999998	60.8672	8.1248	11.751100000000001	80.1241	75.64959999999999	0.0	2.276711	0.0	4.064413	0.0				15060686.0
S_38_0_S115954	343374657.0	322857114.0		84872445.0	173301078.0	35878108.0	28805483.0	0.0	0.0	0.0	4177663.0	27488.0	139105.0	99.3463	0.6537000000000001		26.287899999999997	53.677299999999995	11.1127	8.9221	79.9653	75.1871	0.0	1.917684	0.0	2.01401	0.0				20517543.0
S_39_0_S106470	237562222.0	225257173.0		46122267.0	139561259.0	18165805.0	21407842.0	0.0	0.0	0.0	3034918.0	19793.0	143894.0	99.35199999999999	0.6479999999999999		20.4754	61.9564	8.064499999999999	9.5037	82.4318	78.1621	0.0	2.241723	0.0	3.851343	0.0				12305049.0
S_39_0_S115957	383000245.0	355987301.0		82472859.0	188852283.0	45989402.0	38672757.0	0.0	0.0	0.0	4496322.0	27992.0	153011.0	99.3813	0.6187		23.1674	53.05029999999999	12.9188	10.8635	76.21759999999999	70.842	0.0	2.038842	0.0	2.572083	0.0				27012944.0
S_3_0_S115921	395102965.0	372483211.0		93443120.0	213619801.0	33816826.0	31603464.0	0.0	0.0	0.0	4949886.0	34049.0	172761.0	99.3168	0.6832		25.0865	57.350199999999994	9.0788	8.4845	82.4367	77.71719999999999	0.0	2.065557	0.0	2.303775	0.0				22619754.0
S_40_0_S106469	229243227.0	216028039.0		43571535.0	131309333.0	18354562.0	22792609.0	0.0	0.0	0.0	2921555.0	20322.0	127807.0	99.3092	0.6908		20.1694	60.783500000000004	8.4964	10.5508	80.9529	76.28620000000001	0.0	2.31942	0.0	4.052395	0.0				13215188.0
S_40_0_S115956	412883136.0	391319839.0		80736790.0	231647894.0	41809463.0	37125692.0	0.0	0.0	0.0	4945224.0	30557.0	273146.0	99.3859	0.6141		20.6319	59.1966	10.6842	9.4873	79.8285	75.6593	0.0	2.523827	0.0	3.656808	0.0				21563297.0
S_41_0_S106472	283147605.0	267985452.0		55144454.0	163153095.0	22007381.0	27680522.0	0.0	0.0	0.0	3649260.0	25780.0	158106.0	99.2985	0.7015		20.5774	60.8813	8.2122	10.329099999999999	81.4587	77.0967	0.0	2.334694	0.0	3.993037	0.0				15162153.0
S_42_0_S106471	234473639.0	221076919.0		43606380.0	136606983.0	17463078.0	23400478.0	0.0	0.0	0.0	3016573.0	21317.0	128565.0	99.2983	0.7017		19.7245	61.7916	7.899100000000001	10.5848	81.51610000000001	76.8587	0.0	2.26194	0.0	3.977776	0.0				13396720.0
S_43_0_S106474	256020252.0	241521107.0		47626034.0	146759059.0	20838726.0	26297288.0	0.0	0.0	0.0	3245368.0	23619.0	144174.0	99.2775	0.7224999999999999		19.7192	60.7645	8.6281	10.888200000000001	80.4837	75.92569999999999	0.0	2.324016	0.0	4.019406	0.0				14499145.0
S_44_0_S106473	247025146.0	232094879.0		47731573.0	134944285.0	20951779.0	28467242.0	0.0	0.0	0.0	3093183.0	26624.0	142309.0	99.14659999999999	0.8533999999999999		20.5655	58.1419	9.0272	12.2653	78.7074	73.9503	0.0	2.109146	0.0	3.74553	0.0				14930267.0
S_45_0_S106476	261078843.0	247171984.0		48141663.0	151601503.0	21692115.0	25736703.0	0.0	0.0	0.0	3327277.0	24910.0	147688.0	99.2569	0.7431		19.477	61.3344	8.776100000000001	10.4125	80.8114	76.5068	0.0	2.362987	0.0	4.157778	0.0				13906859.0
S_46_0_S106475	263764445.0	250456016.0		47496991.0	159800768.0	19394683.0	23763574.0	0.0	0.0	0.0	3441370.0	24668.0	151858.0	99.28829999999999	0.7117		18.9642	63.8039	7.7437000000000005	9.4881	82.7681	78.592	0.0	2.346393	0.0	4.30142	0.0				13308429.0
S_47_0_S106478	265497738.0	252493127.0		48573742.0	161089407.0	18710744.0	24119234.0	0.0	0.0	0.0	3470994.0	23143.0	156204.0	99.3377	0.6623		19.2376	63.799499999999995	7.4104	9.5524	83.0372	78.9698	0.0	2.404221	0.0	4.33059	0.0				13004611.0
S_48_0_S106477	210417152.0	196058555.0		39360354.0	119890727.0	15794792.0	21012682.0	0.0	0.0	0.0	2678244.0	18849.0	100018.0	99.30109999999999	0.6989000000000001		20.0758	61.150499999999994	8.056199999999999	10.7176	81.2263	75.68350000000001	0.0	2.244655	0.0	3.857515	0.0				14358597.0
S_49_0_S106480	221471476.0	209070306.0		43481766.0	127268274.0	17369015.0	20951251.0	0.0	0.0	0.0	2867031.0	20301.0	115361.0	99.2969	0.7031		20.7977	60.8734	8.3077	10.0212	81.6711	77.098	0.0	2.307586	0.0	3.950387	0.0				12401170.0
S_4_0_S106446	311917422.0	294258106.0		60107191.0	181410573.0	22781009.0	29959333.0	0.0	0.0	0.0	4075790.0	26212.0	150165.0	99.361	0.639		20.4267	61.6502	7.7418000000000005	10.1813	82.0768	77.42999999999999	0.0	2.319912	0.0	3.938656	0.0				17659316.0
S_4_0_S115920	386376307.0	362001469.0		85304176.0	203625000.0	29859557.0	43212736.0	0.0	0.0	0.0	4813728.0	30102.0	143173.0	99.3785	0.6215		23.5646	56.24980000000001	8.2485	11.9372	79.81439999999999	74.7792	0.0	1.990329	0.0	2.527316	0.0				24374838.0
S_50_0_S106479	232053168.0	219558886.0		46290043.0	135103898.0	16214125.0	21950820.0	0.0	0.0	0.0	3019422.0	19617.0	126376.0	99.3545	0.6455		21.083199999999998	61.53419999999999	7.3849	9.9977	82.6174	78.1691	0.0	2.265871	0.0	3.889828	0.0				12494282.0
S_51_0_S106482	258425792.0	244133921.0		49001599.0	152035737.0	18713355.0	24383230.0	0.0	0.0	0.0	3341933.0	23136.0	136959.0	99.3125	0.6875		20.0716	62.275499999999994	7.6652	9.9876	82.3472	77.79310000000001	0.0	2.228116	0.0	3.907329	0.0				14291871.0
S_52_0_S106481	240235149.0	226521386.0		43631019.0	141374149.0	17745284.0	23770934.0	0.0	0.0	0.0	3081263.0	20785.0	129417.0	99.33	0.67		19.261300000000002	62.41100000000001	7.8338	10.4939	81.67229999999999	77.01	0.0	2.327443	0.0	4.074183	0.0				13713763.0
S_53_0_S106484	236304326.0	223750420.0		43080402.0	139797218.0	17904280.0	22968520.0	0.0	0.0	0.0	3032635.0	22219.0	139379.0	99.2727	0.7273		19.2538	62.479099999999995	8.001900000000001	10.2652	81.7329	77.3907	0.0	2.307942	0.0	4.130923	0.0				12553906.0
S_54_0_S106483	269120965.0	254844284.0		48360308.0	159966695.0	19726503.0	26790778.0	0.0	0.0	0.0	3454828.0	24330.0	156752.0	99.30069999999999	0.6993		18.976399999999998	62.7704	7.740600000000001	10.512599999999999	81.7468	77.41019999999999	0.0	2.30041	0.0	4.144823	0.0				14276681.0
S_55_0_S106486	233866497.0	221992247.0		42644987.0	138671049.0	18293829.0	22382382.0	0.0	0.0	0.0	2991007.0	21878.0	140788.0	99.2739	0.7261		19.2101	62.46660000000001	8.2408	10.0825	81.6767	77.5297	0.0	2.338093	0.0	4.157549	0.0				11874250.0
S_56_0_S106485	246849823.0	230645655.0		47716709.0	137897183.0	20379661.0	24652102.0	0.0	0.0	0.0	3091328.0	20421.0	146813.0	99.3437	0.6563		20.6883	59.7875	8.835899999999999	10.6883	80.47579999999999	75.193	0.0	2.427451	0.0	4.398284	0.0				16204168.0
S_57_0_S106488	264266826.0	249675573.0		50610901.0	152768477.0	20291439.0	26004756.0	0.0	0.0	0.0	3390442.0	24157.0	141989.0	99.29249999999999	0.7075		20.2707	61.1868	8.1271	10.4154	81.45750000000001	76.9599	0.0	2.231324	0.0	3.811429	0.0				14591253.0
S_58_0_S106487	276565214.0	260339520.0		49963208.0	162581993.0	20990410.0	26803909.0	0.0	0.0	0.0	3549301.0	23613.0	152418.0	99.3391	0.6609		19.1916	62.45	8.0627	10.2958	81.6415	76.8517	0.0	2.276488	0.0	4.056315	0.0				16225694.0
S_59_0_S106490	268381780.0	252446923.0		47884662.0	154838014.0	24590491.0	25133756.0	0.0	0.0	0.0	3383183.0	24492.0	140403.0	99.28129999999999	0.7187		18.9682	61.334900000000005	9.7409	9.9561	80.3031	75.5352	0.0	2.268652	0.0	4.067101	0.0				15934857.0
S_5_0_S106448	250555929.0	237460797.0		48655209.0	146358394.0	18931921.0	23515273.0	0.0	0.0	0.0	3272538.0	22785.0	131431.0	99.3086	0.6914		20.4898	61.6348	7.972700000000001	9.902800000000001	82.1245	77.8324	0.0	2.323105	0.0	3.93414	0.0				13095132.0
S_5_0_S115923	392675977.0	364027811.0		93025239.0	204171544.0	33530858.0	33300170.0	0.0	0.0	0.0	4859421.0	33047.0	153243.0	99.3245	0.6755		25.5544	56.086800000000004	9.2111	9.1477	81.6412	75.685	0.0	1.968637	0.0	2.279923	0.0				28648166.0
S_60_0_S106489	232741697.0	219360730.0		44064762.0	131780924.0	18777342.0	24737702.0	0.0	0.0	0.0	2979255.0	23997.0	130050.0	99.201	0.799		20.0878	60.075	8.559999999999999	11.2772	80.1628	75.554	0.0	2.077099	0.0	3.800506	0.0				13380967.0
S_61_0_S106492	286356279.0	269114016.0		52477767.0	163980666.0	25629332.0	27026251.0	0.0	0.0	0.0	3578452.0	26775.0	166582.0	99.2573	0.7426999999999999		19.5002	60.933499999999995	9.5236	10.0427	80.4337	75.5906	0.0	2.318879	0.0	4.216812	0.0				17242263.0
S_62_0_S106491	228516298.0	215725182.0		42959764.0	134992619.0	16667839.0	21104960.0	0.0	0.0	0.0	2942434.0	19658.0	130721.0	99.3363	0.6637		19.9141	62.57620000000001	7.7264	9.7833	82.4903	77.873	0.0	2.249838	0.0	4.058802	0.0				12791116.0
S_63_0_S106494	258633126.0	244357740.0		46950654.0	149714466.0	22849685.0	24842935.0	0.0	0.0	0.0	3239168.0	23739.0	156855.0	99.2725	0.7275		19.2139	61.26859999999999	9.3509	10.1666	80.4825	76.0402	0.0	2.310029	0.0	4.203485	0.0				14275386.0
S_64_0_S106493	286008108.0	270460589.0		53818405.0	167972255.0	22184274.0	26485655.0	0.0	0.0	0.0	3698221.0	24505.0	152294.0	99.3417	0.6583		19.8988	62.105999999999995	8.2024	9.7928	82.0048	77.547	0.0	2.34207	0.0	4.134834	0.0				15547519.0
S_65_0_S106496	245583652.0	232404502.0		46299153.0	144750953.0	18847090.0	22507306.0	0.0	0.0	0.0	3188616.0	21396.0	127280.0	99.3335	0.6665		19.9218	62.284099999999995	8.1096	9.6845	82.2059	77.7943	0.0	2.286991	0.0	3.982126	0.0				13179150.0
S_66_0_S106495	279673561.0	263992890.0		51200921.0	163016112.0	22468962.0	27306895.0	0.0	0.0	0.0	3604504.0	25166.0	143411.0	99.3067	0.6933		19.3948	61.7502	8.511199999999999	10.3438	81.145	76.5954	0.0	2.299467	0.0	3.987923	0.0				15680671.0
S_67_0_S106498	245329190.0	232325304.0		45123417.0	144615676.0	19744315.0	22841896.0	0.0	0.0	0.0	3162221.0	22404.0	129757.0	99.2965	0.7035		19.4225	62.2471	8.4986	9.831900000000001	81.6696	77.34060000000001	0.0	2.280668	0.0	4.041003	0.0				13003886.0
S_68_0_S106497	238914350.0	225928318.0		44178139.0	137828778.0	20786525.0	23134876.0	0.0	0.0	0.0	3009256.0	23091.0	138465.0	99.2385	0.7615000000000001		19.5541	61.0055	9.2005	10.2399	80.5596	76.1808	0.0	2.280713	0.0	4.049276	0.0				12986032.0
S_69_0_S106500	246017231.0	231546473.0		46333906.0	135645693.0	25345041.0	24221833.0	0.0	0.0	0.0	2982211.0	28520.0	160250.0	99.0527	0.9473		20.0106	58.5825	10.946	10.460899999999999	78.5931	73.9703	0.0	2.178942	0.0	3.834858	0.0				14470758.0
S_6_0_S106447	243209595.0	230483866.0		46950239.0	142940054.0	17535459.0	23058114.0	0.0	0.0	0.0	3198027.0	20651.0	123679.0	99.3584	0.6416		20.3703	62.0174	7.608099999999999	10.0042	82.3877	78.0768	0.0	2.349033	0.0	4.008497	0.0				12725729.0
S_6_0_S115922	373812152.0	348429806.0		93069395.0	193424055.0	30829425.0	31106931.0	0.0	0.0	0.0	4682778.0	30503.0	148843.0	99.3528	0.6472		26.7111	55.5131	8.8481	8.9277	82.2242	76.641	0.0	1.931711	0.0	2.19445	0.0				25382346.0
S_70_0_S106499	217242940.0	205741698.0		39715730.0	127961289.0	18595895.0	19468784.0	0.0	0.0	0.0	2783233.0	19772.0	119042.0	99.2946	0.7054		19.3037	62.195100000000004	9.038499999999999	9.4627	81.4988	77.1841	0.0	2.267331	0.0	4.062003	0.0				11501242.0
S_71_0_S106502	228470709.0	217134069.0		41018716.0	136726306.0	18928975.0	20460072.0	0.0	0.0	0.0	2946730.0	20674.0	127115.0	99.30330000000001	0.6967		18.891	62.968599999999995	8.717600000000001	9.4228	81.8596	77.7977	0.0	2.301663	0.0	4.150847	0.0				11336640.0
S_72_0_S106501	259992025.0	244379711.0		51493858.0	149219426.0	20655872.0	23010555.0	0.0	0.0	0.0	3344136.0	21492.0	124278.0	99.3614	0.6386000000000001		21.0712	61.0605	8.4524	9.4159	82.1317	77.1998	0.0	2.219406	0.0	3.686125	0.0				15612314.0
S_73_0_S106504	265691095.0	250248450.0		51562615.0	152833975.0	21322487.0	24529373.0	0.0	0.0	0.0	3416983.0	23395.0	139297.0	99.32	0.6799999999999999		20.6046	61.0729	8.5205	9.802	81.67750000000001	76.9302	0.0	2.214204	0.0	3.902278	0.0				15442645.0
S_74_0_S106503	225606994.0	210140591.0		43477385.0	127488762.0	18356235.0	20818209.0	0.0	0.0	0.0	2846727.0	20159.0	114356.0	99.29679999999999	0.7032		20.6897	60.668299999999995	8.7352	9.9068	81.358	75.78049999999999	0.0	2.166059	0.0	3.78271	0.0				15466403.0
S_75_0_S106506	223078414.0	210196641.0		42670085.0	128240242.0	18596394.0	20689920.0	0.0	0.0	0.0	2833513.0	19174.0	121443.0	99.3279	0.6721		20.3001	61.0097	8.8471	9.8431	81.30969999999999	76.61449999999999	0.0	2.269816	0.0	3.961613	0.0				12881773.0
S_76_0_S106505	209747896.0	198363506.0		41342369.0	122026494.0	16918062.0	18076581.0	0.0	0.0	0.0	2681280.0	17007.0	100617.0	99.36970000000001	0.6303		20.8417	61.5166	8.5288	9.1129	82.3583	77.8882	0.0	2.459995	0.0	3.783588	0.0				11384390.0
S_77_0_S106508	263497093.0	248562765.0		48290441.0	152762000.0	22468941.0	25041383.0	0.0	0.0	0.0	3327295.0	25001.0	139575.0	99.2542	0.7458		19.4279	61.4581	9.0395	10.0745	80.886	76.30160000000001	0.0	2.37655	0.0	4.19768	0.0				14934328.0
S_78_0_S106507	224549836.0	212752547.0		41646423.0	133111303.0	17576987.0	20417834.0	0.0	0.0	0.0	2891966.0	20102.0	114953.0	99.3097	0.6903		19.5751	62.5663	8.2617	9.597	82.1413	77.8258	0.0	2.350624	0.0	4.082727	0.0				11797289.0
S_79_0_S106510	277903341.0	263505123.0		50176295.0	165956302.0	21497780.0	25874746.0	0.0	0.0	0.0	3584155.0	25441.0	159284.0	99.2952	0.7048		19.041900000000002	62.9803	8.1584	9.8194	82.0222	77.7726	0.0	2.389312	0.0	4.356706	0.0				14398218.0
S_7_0_S106450	210706895.0	199977317.0		40697165.0	124237032.0	15803248.0	19239872.0	0.0	0.0	0.0	2762814.0	18337.0	110462.0	99.3407	0.6593		20.3509	62.125600000000006	7.9025	9.621	82.4765	78.2766	0.0	2.349848	0.0	4.089675	0.0				10729578.0
S_7_0_S115925	350772105.0	331919029.0		67970123.0	203958595.0	28087321.0	31902990.0	0.0	0.0	0.0	4321837.0	23724.0	232925.0	99.4541	0.5459		20.477899999999998	61.4483	8.4621	9.611699999999999	81.92620000000001	77.52289999999999	0.0	2.678743	0.0	3.80372	0.0				18853076.0
S_80_0_S106509	284765426.0	269585757.0		57869562.0	163066611.0	22436597.0	26212987.0	0.0	0.0	0.0	3689634.0	24235.0	147777.0	99.3474	0.6526		21.466099999999997	60.4878	8.3226	9.7234	81.9539	77.5853	0.0	2.33395	0.0	3.926503	0.0				15179669.0
S_81_0_S106512	251228381.0	238097494.0		52216972.0	141922575.0	20438397.0	23519550.0	0.0	0.0	0.0	3237358.0	21273.0	134370.0	99.3472	0.6528		21.9309	59.606899999999996	8.584	9.8781	81.5378	77.2761	0.0	2.340599	0.0	3.916088	0.0				13130887.0
S_82_0_S106511	214374260.0	202974277.0		40597867.0	125880207.0	17251462.0	19244741.0	0.0	0.0	0.0	2771819.0	19801.0	116228.0	99.2907	0.7093		20.0015	62.0178	8.4993	9.481399999999999	82.0193	77.65769999999999	0.0	2.271824	0.0	4.085818	0.0				11399983.0
S_83_0_S106514	265835314.0	252065447.0		50594949.0	157465624.0	20695194.0	23309680.0	0.0	0.0	0.0	3451366.0	23795.0	144768.0	99.3153	0.6847		20.072100000000002	62.470099999999995	8.210199999999999	9.2475	82.5423	78.2667	0.0	2.288223	0.0	4.113408	0.0				13769867.0
S_84_0_S106513	222460184.0	210743778.0		41914825.0	130354847.0	18603849.0	19870257.0	0.0	0.0	0.0	2866863.0	20673.0	119320.0	99.2841	0.7159000000000001		19.889000000000003	61.854699999999994	8.8277	9.4286	81.74369999999999	77.4384	0.0	2.216603	0.0	3.972166	0.0				11716406.0
S_85_0_S106516	261320948.0	246691643.0		47687408.0	151830467.0	21798240.0	25375528.0	0.0	0.0	0.0	3318780.0	24136.0	147336.0	99.278	0.722		19.3308	61.5467	8.8362	10.286299999999999	80.8774	76.3497	0.0	2.32331	0.0	4.27301	0.0				14629305.0
S_86_0_S106515	227460410.0	215159830.0		41479379.0	132074508.0	20460731.0	21145212.0	0.0	0.0	0.0	2868186.0	22892.0	127537.0	99.2082	0.7918		19.2784	61.38439999999999	9.5095	9.8277	80.6628	76.3007	0.0	2.333502	0.0	4.24539	0.0				12300580.0
S_87_0_S106518	245265599.0	232012781.0		43685614.0	140973737.0	23112291.0	24241139.0	0.0	0.0	0.0	3056403.0	24294.0	143274.0	99.21140000000001	0.7886000000000001		18.829	60.7612	9.961599999999999	10.4482	79.5902	75.2895	0.0	2.337299	0.0	4.352919	0.0				13252818.0
S_88_0_S106517	224663464.0	212664257.0		43469685.0	129266001.0	19196864.0	20731707.0	0.0	0.0	0.0	2861578.0	20063.0	119239.0	99.3038	0.6962		20.4405	60.784099999999995	9.0268	9.7486	81.22460000000001	76.8864	0.0	2.287927	0.0	3.860052	0.0				11999207.0
S_89_0_S106520	281500662.0	267292947.0		56827564.0	158752946.0	24040007.0	27672430.0	0.0	0.0	0.0	3579600.0	25139.0	164917.0	99.3026	0.6974		21.260399999999997	59.392900000000004	8.9939	10.3528	80.6533	76.5826	0.0	2.374481	0.0	4.070897	0.0				14207715.0
S_8_0_S106449	248990832.0	235184399.0		46918334.0	146398335.0	18086844.0	23780886.0	0.0	0.0	0.0	3252596.0	22189.0	126729.0	99.3224	0.6776		19.9496	62.2483	7.6905	10.1116	82.1979	77.6401	0.0	2.259747	0.0	3.979444	0.0				13806433.0
S_8_0_S115924	463310816.0	433595255.0		111191570.0	242856540.0	37430339.0	42116806.0	0.0	0.0	0.0	5795136.0	34342.0	205019.0	99.4109	0.5891000000000001		25.644099999999998	56.010000000000005	8.6326	9.7134	81.6541	76.417	0.0	2.141042	0.0	2.744763	0.0				29715561.0
S_90_0_S106519	233828406.0	220585200.0		44528786.0	135260916.0	20102964.0	20692534.0	0.0	0.0	0.0	2946061.0	21363.0	118636.0	99.2801	0.7199		20.1867	61.319100000000006	9.1135	9.380700000000001	81.5058	76.8896	0.0	2.35766	0.0	3.64654	0.0				13243206.0
S_91_0_S106522	194289853.0	182611025.0		36508367.0	110565335.0	17805890.0	17731433.0	0.0	0.0	0.0	2413898.0	18320.0	101131.0	99.24680000000001	0.7532		19.9924	60.5469	9.7507	9.709900000000001	80.5393	75.6981	0.0	2.353059	0.0	3.923199	0.0				11678828.0
S_92_0_S106521	206935880.0	194141941.0		38115756.0	118299498.0	19124001.0	18602686.0	0.0	0.0	0.0	2563933.0	20341.0	103851.0	99.2129	0.7870999999999999		19.6329	60.9345	9.8505	9.582	80.56750000000001	75.5863	0.0	2.29695	0.0	3.893968	0.0				12793939.0
S_93_0_S106524	215781921.0	202480499.0		40136017.0	121027774.0	21177200.0	20139508.0	0.0	0.0	0.0	2638215.0	21768.0	110823.0	99.1816	0.8184		19.822200000000002	59.7726	10.4589	9.9464	79.59469999999999	74.6883	0.0	2.292496	0.0	3.680757	0.0				13301422.0
S_94_0_S106523	181414459.0	172434285.0		33696673.0	108839761.0	15021552.0	14876299.0	0.0	0.0	0.0	2357136.0	16428.0	90615.0	99.3079	0.6921		19.541700000000002	63.1196	8.7115	8.6272	82.66130000000001	78.5695	0.0	2.144247	0.0	3.603262	0.0				8980174.0
S_95_0_S106526	213894642.0	202873509.0		39021822.0	128452443.0	17465384.0	17933860.0	0.0	0.0	0.0	2774045.0	19624.0	113596.0	99.2976	0.7024		19.2346	63.3165	8.609	8.8399	82.5511	78.2976	0.0	2.255394	0.0	3.942808	0.0				11021133.0
S_96_0_S106525	200214774.0	188470648.0		40403616.0	117119798.0	15069922.0	15877312.0	0.0	0.0	0.0	2613554.0	15790.0	93725.0	99.39949999999999	0.6005		21.4376	62.1422	7.995900000000001	8.4243	83.5798	78.6772	0.0	2.178536	0.0	3.51501	0.0				11744126.0
S_97_0_S106528	227737939.0	214303660.0		45713522.0	132672198.0	17109897.0	18808043.0	0.0	0.0	0.0	2948678.0	18647.0	112454.0	99.3716	0.6284		21.3312	61.9085	7.983899999999999	8.776399999999999	83.2397	78.3294	0.0	2.174594	0.0	3.497833	0.0				13434279.0
S_98_0_S106527	240684888.0	227223542.0		48606440.0	140203761.0	18721695.0	19691646.0	0.0	0.0	0.0	3132297.0	21579.0	121095.0	99.3158	0.6842		21.3915	61.702999999999996	8.2393	8.6662	83.09450000000001	78.4471	0.0	2.161508	0.0	3.642914	0.0				13461346.0
S_99_0_S106530	219832269.0	207710553.0		43950553.0	127554583.0	17814487.0	18390930.0	0.0	0.0	0.0	2842880.0	18466.0	107278.0	99.3546	0.6454		21.1595	61.409800000000004	8.5766	8.854099999999999	82.5693	78.01639999999999	0.0	2.261517	0.0	3.67944	0.0				12121716.0
S_9_0_S106452	226933863.0	214888295.0		42826641.0	134153176.0	17398265.0	20510213.0	0.0	0.0	0.0	2962763.0	19828.0	115971.0	99.3352	0.6648000000000001		19.9297	62.4293	8.0964	9.5446	82.35900000000001	77.9874	0.0	2.295308	0.0	4.029035	0.0				12045568.0
S_9_0_S115927	373884102.0	353371579.0		83994433.0	213654207.0	26978774.0	28744165.0	0.0	0.0	0.0	4819424.0	29647.0	170485.0	99.38860000000001	0.6113999999999999		23.769399999999997	60.461600000000004	7.6347	8.1343	84.2311	79.6099	0.0	2.091276	0.0	2.380507	0.0				20512523.0
