Sample	total_reads	avg_input_read_length	uniquely_mapped	uniquely_mapped_percent	avg_mapped_read_length	num_splices	num_annotated_splices	num_GTAG_splices	num_GCAG_splices	num_ATAC_splices	num_noncanonical_splices	mismatch_rate	deletion_rate	deletion_length	insertion_rate	insertion_length	multimapped	multimapped_percent	multimapped_toomany	multimapped_toomany_percent	unmapped_mismatches_percent	unmapped_tooshort_percent	unmapped_other_percent	unmapped_mismatches	unmapped_tooshort	unmapped_other
R10_S123915	12801046.0	99.0	10071045.0	78.67	99.89	2117565.0	2103885.0	2100632.0	14129.0	584.0	2220.0	0.42	0.0	1.32	0.0	1.15	2435582.0	19.03	46272.0	0.36	0.01	1.84	0.09	1279	235356	11512
R11_S123918	16458176.0	97.0	12780130.0	77.65	98.38	2451650.0	2434202.0	2431503.0	16193.0	790.0	3164.0	0.45	0.0	1.37	0.0	1.15	3129462.0	19.01	57070.0	0.35	0.01	2.88	0.1	1644	473432	16439
R12_S123917	10689107.0	99.0	8319354.0	77.83	99.55	1654664.0	1643006.0	1641200.0	11033.0	490.0	1941.0	0.45	0.0	1.33	0.0	1.15	2001044.0	18.72	36911.0	0.35	0.01	3.01	0.09	1067	321129	9602
R13_S123920	10083609.0	99.0	7942695.0	78.77	99.99	1573835.0	1562358.0	1561121.0	9925.0	471.0	2318.0	0.44	0.0	1.36	0.0	1.16	1873902.0	18.58	35323.0	0.35	0.01	2.16	0.13	1007	217586	13095
R14_S123919	10196435.0	94.0	7960279.0	78.07	95.12	1348744.0	1339497.0	1337549.0	9249.0	285.0	1661.0	0.48	0.0	1.4	0.0	1.19	1899885.0	18.63	37157.0	0.36	0.01	2.8	0.12	1021	285843	12250
R15_S123922	8647505.0	97.0	6801273.0	78.65	97.97	1329423.0	1319649.0	1318396.0	8898.0	358.0	1771.0	0.43	0.0	1.37	0.0	1.13	1598710.0	18.49	30971.0	0.36	0.01	2.35	0.15	863	202747	12941
R16_S123921	11530199.0	99.0	9030946.0	78.32	99.96	1781441.0	1769710.0	1767681.0	11219.0	556.0	1985.0	0.41	0.0	1.36	0.0	1.16	2183028.0	18.93	44537.0	0.39	0.01	2.23	0.12	1151	256722	13815
R17_S123924	12409900.0	98.0	9660828.0	77.85	98.45	1763420.0	1751007.0	1748750.0	11965.0	567.0	2138.0	0.44	0.0	1.35	0.0	1.15	2315288.0	18.66	51080.0	0.41	0.01	2.94	0.13	1243	365308	16153
R18_S123923	12493682.0	98.0	9832772.0	78.7	98.22	1770872.0	1758152.0	1755825.0	11985.0	677.0	2385.0	0.44	0.0	1.42	0.0	1.15	2339198.0	18.72	51487.0	0.41	0.01	2.0	0.16	1245	249055	19924
R19_S123890	14217939.0	100.0	11266859.0	79.24	101.1	2410132.0	2393575.0	2392496.0	14187.0	766.0	2683.0	0.39	0.0	1.32	0.0	1.13	2603307.0	18.31	44515.0	0.31	0.01	2.01	0.12	1417	284836	17005
R1_S123908	15569482.0	96.0	12235563.0	78.59	96.88	2342357.0	2325423.0	2320358.0	18354.0	657.0	2988.0	0.42	0.0	1.32	0.0	1.13	2835178.0	18.21	57617.0	0.37	0.0	2.71	0.12	0	422419	18705
R20_S123889	10508475.0	98.0	8298681.0	78.97	98.88	1739571.0	1727630.0	1726222.0	10930.0	437.0	1982.0	0.4	0.0	1.34	0.0	1.13	1954219.0	18.6	32552.0	0.31	0.01	2.0	0.12	1047	209411	12565
R21_S123892	13712464.0	99.0	10917137.0	79.61	100.17	2224937.0	2209569.0	2208009.0	13665.0	644.0	2619.0	0.41	0.0	1.33	0.0	1.14	2513355.0	18.33	44860.0	0.33	0.01	1.61	0.12	1363	219397	16353
R22_S123891	11837928.0	98.0	9413396.0	79.52	98.77	1761038.0	1748128.0	1746961.0	11319.0	548.0	2210.0	0.42	0.0	1.36	0.0	1.18	2151989.0	18.18	47568.0	0.4	0.01	1.76	0.13	1184	208398	15393
R23_S123894	12475201.0	101.0	9824310.0	78.75	101.79	2253547.0	2238900.0	2236257.0	14602.0	772.0	1916.0	0.36	0.0	1.35	0.0	1.16	2249750.0	18.03	49853.0	0.4	0.01	2.68	0.13	1246	333848	16194
R24_S123893	22178939.0	101.0	17506055.0	78.93	101.43	3695592.0	3670025.0	3666746.0	23638.0	935.0	4273.0	0.38	0.0	1.35	0.0	1.18	4077467.0	18.38	92223.0	0.42	0.01	2.14	0.12	2217	474377	26601
R25_S123896	9996342.0	98.0	7889217.0	78.92	99.25	1538407.0	1527494.0	1525979.0	10169.0	438.0	1821.0	0.41	0.0	1.33	0.0	1.12	1849477.0	18.5	36853.0	0.37	0.01	2.07	0.13	999	206808	12988
R26_S123895	10144362.0	100.0	8009917.0	78.96	100.39	1639875.0	1628093.0	1626358.0	11142.0	472.0	1903.0	0.4	0.0	1.31	0.0	1.13	1864500.0	18.38	36583.0	0.36	0.01	2.17	0.13	1010	219219	13133
R27_S123898	7105770.0	100.0	5494109.0	77.32	101.33	1286891.0	1278420.0	1277247.0	8256.0	258.0	1130.0	0.36	0.0	1.28	0.0	1.11	1352810.0	19.04	26404.0	0.37	0.01	3.13	0.13	711	222495	9241
R28_S123897	10104555.0	97.0	7957914.0	78.76	98.15	1506460.0	1495965.0	1494064.0	10075.0	494.0	1827.0	0.43	0.0	1.35	0.0	1.13	1914066.0	18.94	40184.0	0.4	0.01	1.78	0.12	1007	179296	12087
R29_S123900	7582917.0	99.0	5946056.0	78.41	99.62	1256940.0	1248509.0	1246882.0	8382.0	253.0	1423.0	0.38	0.0	1.29	0.0	1.15	1439620.0	18.99	30691.0	0.4	0.0	2.08	0.12	0	157465	9085
R2_S123907	12701711.0	98.0	10044213.0	79.08	98.52	1918260.0	1904703.0	1901638.0	13762.0	675.0	2185.0	0.45	0.0	1.35	0.0	1.11	2273042.0	17.9	43639.0	0.34	0.01	2.56	0.12	1267	324346	15204
R30_S123899	11846940.0	97.0	9339416.0	78.83	98.23	1839221.0	1826239.0	1824147.0	12177.0	481.0	2416.0	0.4	0.0	1.33	0.0	1.14	2249432.0	18.99	47294.0	0.4	0.01	1.64	0.13	1184	194218	15395
R31_S123902	13117835.0	96.0	10279917.0	78.37	96.41	1919558.0	1904935.0	1903210.0	13101.0	485.0	2762.0	0.4	0.0	1.35	0.0	1.15	2455089.0	18.72	49874.0	0.38	0.01	2.37	0.17	1306	309452	22197
R32_S123901	11475879.0	98.0	9037276.0	78.75	98.34	1697718.0	1685541.0	1683414.0	11915.0	501.0	1888.0	0.39	0.0	1.33	0.0	1.15	2158006.0	18.8	46172.0	0.4	0.01	1.88	0.15	1149	216039	17237
R33_S123904	9480118.0	101.0	7470793.0	78.8	101.04	1454421.0	1444762.0	1442531.0	10183.0	379.0	1328.0	0.4	0.0	1.34	0.0	1.16	1817104.0	19.17	37619.0	0.4	0.01	1.48	0.15	943	139519	14140
R34_S123903	12973252.0	98.0	10215696.0	78.74	98.86	1918409.0	1905399.0	1902264.0	13346.0	428.0	2371.0	0.4	0.0	1.33	0.0	1.14	2511622.0	19.36	53841.0	0.42	0.01	1.34	0.14	1289	172755	18049
R35_S123906	13655533.0	100.0	10764507.0	78.83	100.51	2235070.0	2220532.0	2218579.0	13761.0	521.0	2209.0	0.38	0.0	1.33	0.0	1.12	2604092.0	19.07	55713.0	0.41	0.01	1.57	0.12	1360	213539	16321
R36_S123905	11137594.0	100.0	8729130.0	78.38	100.4	1720555.0	1708812.0	1706784.0	11368.0	448.0	1955.0	0.4	0.0	1.33	0.0	1.15	2150877.0	19.31	44243.0	0.4	0.01	1.78	0.13	1111	197788	14445
R3_S123910	13079029.0	98.0	10328133.0	78.97	98.65	2076666.0	2061801.0	2059252.0	14430.0	695.0	2289.0	0.41	0.0	1.34	0.0	1.12	2392988.0	18.3	46913.0	0.36	0.01	2.24	0.13	1307	292701	16987
R4_S123909	10187733.0	97.0	8057893.0	79.09	98.08	1547635.0	1536776.0	1534692.0	10731.0	573.0	1639.0	0.43	0.0	1.36	0.0	1.1	1881463.0	18.47	38299.0	0.38	0.01	1.93	0.12	1020	196821	12238
R5_S123912	9916905.0	98.0	7747751.0	78.13	98.61	1653784.0	1642706.0	1639966.0	11645.0	585.0	1588.0	0.41	0.0	1.34	0.0	1.11	1851135.0	18.67	35977.0	0.36	0.01	2.7	0.14	990	267198	13855
R6_S123911	11935042.0	99.0	9501330.0	79.61	100.04	1964086.0	1950820.0	1948107.0	13231.0	678.0	2070.0	0.43	0.0	1.34	0.0	1.11	2162533.0	18.12	44753.0	0.37	0.01	1.78	0.11	1192	212125	13109
R7_S123914	7605249.0	100.0	6007310.0	78.99	100.56	1290022.0	1281088.0	1279704.0	8575.0	487.0	1256.0	0.41	0.0	1.3	0.0	1.13	1383042.0	18.19	27227.0	0.36	0.0	2.35	0.11	0	179278	8392
R8_S123913	18598532.0	101.0	14820486.0	79.69	101.37	3125954.0	3104057.0	3100645.0	21133.0	935.0	3241.0	0.41	0.0	1.34	0.0	1.13	3366139.0	18.1	64898.0	0.35	0.01	1.75	0.11	1856	324741	20412
R9_S123916	17787692.0	99.0	14008288.0	78.75	100.21	2862342.0	2842031.0	2838812.0	19138.0	901.0	3491.0	0.41	0.0	1.33	0.0	1.13	3311296.0	18.62	66606.0	0.37	0.01	2.14	0.11	1777	380183	19542
S_100_0_S106529	4536869.0	50.0	2986133.0	65.82	48.97	159122.0	158217.0	157892.0	1117.0	39.0	74.0	0.59	0.0	1.24	0.0	1.05	1435075.0	31.63	36826.0	0.81	0.0	1.28	0.46	0	57994	20841
S_101_0_S106532	4259668.0	50.0	2814718.0	66.08	49.07	147810.0	146973.0	146650.0	1039.0	38.0	83.0	0.6	0.0	1.25	0.0	1.05	1331813.0	31.27	38903.0	0.91	0.0	1.13	0.61	0	48209	26025
S_102_0_S106531	5467402.0	50.0	3565311.0	65.21	48.95	179581.0	178645.0	178184.0	1272.0	54.0	71.0	0.59	0.0	1.26	0.0	1.06	1743845.0	31.9	52885.0	0.97	0.0	1.32	0.61	0	72060	33301
S_103_0_S106534	5065219.0	50.0	3313776.0	65.42	48.87	157038.0	156149.0	156000.0	902.0	57.0	79.0	0.6	0.0	1.24	0.0	1.06	1620685.0	32.0	43502.0	0.86	0.0	1.15	0.57	0	58340	28916
S_104_0_S106533	5017849.0	50.0	3257179.0	64.91	49.17	188147.0	187079.0	186744.0	1262.0	48.0	93.0	0.57	0.0	1.22	0.0	1.06	1613371.0	32.15	49351.0	0.98	0.0	1.19	0.76	0	59773	38175
S_106_0_S106536	4503069.0	50.0	2872039.0	63.78	48.91	161144.0	160184.0	159951.0	1049.0	53.0	91.0	0.59	0.0	1.21	0.0	1.06	1474743.0	32.75	42753.0	0.95	0.0	1.84	0.68	0	82898	30636
S_107_0_S106535	3714475.0	50.0	2333359.0	62.82	49.03	133832.0	132961.0	133056.0	684.0	25.0	67.0	0.6	0.0	1.26	0.0	1.09	1228098.0	33.06	43104.0	1.16	0.0	2.01	0.95	0	74638	35276
S_108_0_S106538	4658098.0	50.0	2979003.0	63.95	48.91	159982.0	159021.0	158930.0	928.0	54.0	70.0	0.6	0.0	1.31	0.0	1.06	1525058.0	32.74	45254.0	0.97	0.0	1.69	0.65	0	78566	30218
S_109_0_S106537	3541712.0	50.0	2246452.0	63.43	48.89	120928.0	120155.0	120065.0	778.0	22.0	63.0	0.57	0.0	1.23	0.0	1.06	1177450.0	33.25	33468.0	0.94	0.0	1.78	0.6	0	63079	21263
S_10_0_S115926	7004975.0	50.0	4213290.0	60.15	49.33	289508.0	287545.0	288016.0	1327.0	82.0	83.0	0.5	0.0	1.26	0.0	1.09	2555850.0	36.49	81388.0	1.16	0.0	1.32	0.89	0	92249	62198
S_11_0_S115929	7284728.0	50.0	4273295.0	58.66	49.35	253137.0	251596.0	251648.0	1345.0	67.0	77.0	0.55	0.0	1.41	0.0	1.07	2713647.0	37.25	72305.0	0.99	0.0	2.4	0.7	0	174566	50915
S_12_0_S115928	6904185.0	50.0	4071652.0	58.97	49.53	300310.0	298074.0	298941.0	1214.0	104.0	51.0	0.5	0.0	1.32	0.0	1.08	2531403.0	36.66	80973.0	1.17	0.0	2.25	0.94	0	155283	64874
S_13_0_S115931	6962780.0	50.0	4364057.0	62.68	49.5	305454.0	303468.0	303838.0	1476.0	81.0	59.0	0.5	0.0	1.3	0.0	1.06	2358324.0	33.87	58856.0	0.85	0.0	1.9	0.71	0	132158	49385
S_14_0_S115930	7256204.0	50.0	4498254.0	61.99	49.55	305229.0	302953.0	303293.0	1787.0	93.0	56.0	0.52	0.0	1.34	0.0	1.07	2486447.0	34.27	57263.0	0.79	0.0	2.24	0.71	0	162677	51563
S_15_0_S115933	8548476.0	50.0	5012993.0	58.64	49.54	250378.0	247260.0	248968.0	1157.0	155.0	98.0	0.53	0.0	1.22	0.0	1.04	3190511.0	37.32	67121.0	0.79	0.0	2.59	0.66	0	221426	56425
S_16_0_S106451	4888640.0	50.0	3151891.0	64.47	49.03	156796.0	155896.0	155620.0	1044.0	48.0	84.0	0.57	0.0	1.31	0.0	1.04	1603212.0	32.79	48851.0	1.0	0.0	1.31	0.42	0	64126	20560
S_16_0_S115932	9581543.0	50.0	5839235.0	60.94	49.36	370504.0	368040.0	367963.0	2301.0	137.0	103.0	0.53	0.0	1.43	0.0	1.05	3315681.0	34.6	79200.0	0.83	0.0	2.99	0.63	0	286963	60464
S_17_0_S106454	5449470.0	50.0	3494237.0	64.12	49.0	165791.0	164858.0	164517.0	1126.0	59.0	89.0	0.56	0.0	1.21	0.0	1.05	1842560.0	33.81	53183.0	0.98	0.0	0.63	0.46	0	34384	25106
S_17_0_S115935	6638672.0	50.0	4099752.0	61.76	49.52	281822.0	279814.0	280721.0	930.0	95.0	76.0	0.51	0.0	1.22	0.0	1.11	2330042.0	35.1	65303.0	0.98	0.0	1.23	0.94	0	81381	62194
S_18_0_S106453	5181374.0	50.0	3377538.0	65.19	49.03	182215.0	181233.0	180790.0	1262.0	57.0	106.0	0.57	0.0	1.29	0.0	1.04	1675842.0	32.34	48124.0	0.93	0.0	1.11	0.43	0	57569	22301
S_18_0_S115934	6621922.0	50.0	4079583.0	61.61	49.3	265736.0	263742.0	264310.0	1330.0	43.0	53.0	0.5	0.0	1.28	0.0	1.07	2241562.0	33.85	72765.0	1.1	0.0	2.39	1.05	0	158415	69597
S_19_0_S106456	4975246.0	50.0	3134903.0	63.01	49.01	168860.0	167977.0	167632.0	1103.0	54.0	71.0	0.57	0.0	1.25	0.0	1.05	1703493.0	34.24	48186.0	0.97	0.0	1.23	0.55	0	61268	27396
S_19_0_S115937	6315306.0	50.0	3948045.0	62.52	49.41	246909.0	245345.0	245179.0	1541.0	90.0	99.0	0.51	0.0	1.37	0.0	1.07	2145021.0	33.97	61231.0	0.97	0.0	1.78	0.77	0	112391	48618
S_1_0_S115919	11324202.0	50.0	6594121.0	58.23	49.46	227520.0	224748.0	226490.0	906.0	35.0	89.0	0.54	0.0	1.19	0.0	1.04	4408826.0	38.93	113329.0	1.0	0.0	1.08	0.76	0	122044	85882
S_20_0_S106455	4717667.0	50.0	3011647.0	63.84	48.83	154315.0	153482.0	153187.0	1024.0	30.0	74.0	0.57	0.0	1.33	0.0	1.04	1591620.0	33.74	42560.0	0.9	0.0	1.06	0.47	0	49772	22068
S_20_0_S115936	6976717.0	50.0	4370945.0	62.65	49.51	286622.0	284658.0	284614.0	1769.0	146.0	93.0	0.52	0.0	1.38	0.0	1.08	2338507.0	33.52	62810.0	0.9	0.0	2.18	0.75	0	152120	52335
S_21_0_S106458	5424372.0	50.0	3470853.0	63.99	48.87	169611.0	168715.0	168341.0	1149.0	65.0	56.0	0.58	0.0	1.29	0.0	1.04	1822982.0	33.61	45975.0	0.85	0.0	1.14	0.42	0	61795	22767
S_21_0_S115939	6798037.0	50.0	4265433.0	62.75	49.53	313404.0	310991.0	311444.0	1700.0	106.0	154.0	0.49	0.0	1.31	0.0	1.09	2269609.0	33.39	68165.0	1.0	0.0	1.87	0.99	0	127389	67441
S_22_0_S115938	7848055.0	50.0	4679124.0	59.62	49.59	250791.0	248184.0	249336.0	1195.0	153.0	107.0	0.52	0.0	1.29	0.0	1.06	2722513.0	34.69	80176.0	1.02	0.0	3.71	0.96	0	290955	75287
S_23_0_S115941	8587091.0	50.0	5250741.0	61.15	49.47	272514.0	269515.0	270877.0	1433.0	126.0	78.0	0.56	0.0	1.28	0.0	1.08	2989193.0	34.81	89660.0	1.04	0.0	2.05	0.95	0	175956	81541
S_24_0_S115940	9228496.0	50.0	6011852.0	65.14	49.37	428497.0	425315.0	425063.0	3032.0	156.0	246.0	0.52	0.0	1.36	0.0	1.09	2825005.0	30.61	98623.0	1.07	0.0	2.17	1.01	0	199951	93065
S_25_0_S106457	4369321.0	50.0	2828463.0	64.73	48.9	143841.0	143078.0	142839.0	893.0	52.0	57.0	0.58	0.0	1.27	0.0	1.04	1427517.0	32.67	37581.0	0.86	0.0	1.24	0.49	0	54302	21458
S_25_0_S115943	6048155.0	50.0	3709337.0	61.33	49.5	273867.0	272164.0	272612.0	1108.0	82.0	65.0	0.49	0.0	1.24	0.0	1.04	2157987.0	35.68	58469.0	0.97	0.0	1.22	0.8	0	73902	48460
S_26_0_S106460	4139574.0	50.0	2684222.0	64.84	49.0	161710.0	160943.0	160431.0	1164.0	43.0	72.0	0.58	0.0	1.3	0.0	1.06	1356190.0	32.76	36559.0	0.88	0.0	1.03	0.48	0	42703	19900
S_26_0_S115942	7962044.0	50.0	4817971.0	60.51	48.95	268036.0	266307.0	266023.0	1797.0	114.0	102.0	0.59	0.01	2.57	0.0	1.1	2762955.0	34.7	65657.0	0.82	0.0	3.36	0.6	0	267664	47797
S_27_0_S106459	4350959.0	50.0	2824679.0	64.92	49.0	145437.0	144701.0	144363.0	950.0	54.0	70.0	0.57	0.0	1.26	0.0	1.04	1407907.0	32.36	34740.0	0.8	0.0	1.49	0.43	0	64903	18730
S_27_0_S115945	6903833.0	50.0	4260181.0	61.71	49.49	285926.0	283983.0	284529.0	1251.0	92.0	54.0	0.52	0.0	1.33	0.0	1.08	2312416.0	33.49	64491.0	0.93	0.0	3.03	0.83	0	209388	57357
S_28_0_S106462	5270284.0	50.0	3448899.0	65.44	49.02	180211.0	179234.0	178977.0	1097.0	62.0	75.0	0.58	0.0	1.32	0.0	1.05	1697802.0	32.21	47416.0	0.9	0.0	0.85	0.59	0	44960	31207
S_28_0_S115944	7026084.0	50.0	4279527.0	60.91	49.56	310775.0	308864.0	309091.0	1495.0	108.0	81.0	0.49	0.0	1.26	0.0	1.07	2448469.0	34.85	73453.0	1.05	0.0	2.35	0.85	0	164966	59669
S_29_0_S106461	5019944.0	50.0	3297760.0	65.69	48.9	188943.0	188028.0	187419.0	1358.0	69.0	97.0	0.57	0.0	1.36	0.0	1.05	1572442.0	31.32	39811.0	0.79	0.0	1.7	0.49	0	85335	24596
S_29_0_S115947	7754776.0	50.0	4805508.0	61.97	49.42	304232.0	302241.0	302015.0	2007.0	101.0	109.0	0.51	0.0	1.44	0.0	1.04	2627861.0	33.89	64998.0	0.84	0.0	2.54	0.76	0	197357	59052
S_2_0_S115918	9441227.0	50.0	5413442.0	57.34	49.29	195764.0	193028.0	194723.0	849.0	61.0	131.0	0.56	0.0	1.2	0.0	1.1	3633637.0	38.49	107119.0	1.13	0.0	2.22	0.82	0	209607	77422
S_30_0_S106464	4874669.0	50.0	3168903.0	65.01	48.97	197562.0	196548.0	195959.0	1420.0	83.0	100.0	0.58	0.0	1.38	0.0	1.04	1573314.0	32.28	42020.0	0.86	0.0	1.31	0.55	0	63691	26741
S_30_0_S115946	7874600.0	50.0	4858177.0	61.69	49.56	346484.0	343994.0	344521.0	1740.0	135.0	88.0	0.49	0.0	1.3	0.0	1.05	2693894.0	34.21	82664.0	1.05	0.0	2.15	0.89	0	169641	70224
S_31_0_S115949	7410328.0	50.0	4574819.0	61.74	49.46	313861.0	311745.0	311729.0	1886.0	144.0	102.0	0.53	0.0	1.35	0.0	1.06	2527881.0	34.11	70814.0	0.96	0.0	2.61	0.58	0	193757	43057
S_32_0_S115948	8913224.0	50.0	5423853.0	60.85	49.17	351793.0	349694.0	349197.0	2287.0	191.0	118.0	0.57	0.0	1.51	0.0	1.05	3147983.0	35.32	73316.0	0.82	0.0	2.55	0.45	0	227861	40211
S_33_0_S115951	8055191.0	50.0	4965557.0	61.64	49.24	302917.0	301151.0	300963.0	1762.0	99.0	93.0	0.54	0.0	1.43	0.0	1.07	2798951.0	34.75	70183.0	0.87	0.0	2.19	0.55	0	176239	44261
S_34_0_S106463	4286896.0	50.0	2749777.0	64.14	48.8	146716.0	145899.0	145643.0	950.0	53.0	70.0	0.58	0.0	1.36	0.0	1.05	1407077.0	32.82	34972.0	0.82	0.0	1.73	0.49	0	74086	20984
S_34_0_S115950	7697497.0	50.0	4668000.0	60.64	49.38	196156.0	194230.0	195249.0	807.0	56.0	44.0	0.52	0.0	1.21	0.0	1.04	2801621.0	36.4	63786.0	0.83	0.0	1.48	0.65	0	114016	50074
S_35_0_S106466	3933153.0	50.0	2480739.0	63.07	48.89	130092.0	129436.0	129201.0	773.0	47.0	71.0	0.56	0.0	1.29	0.0	1.06	1318408.0	33.52	33534.0	0.85	0.0	2.06	0.49	0	81166	19306
S_35_0_S115953	8094809.0	50.0	4901665.0	60.55	49.43	218403.0	215826.0	217093.0	1191.0	78.0	41.0	0.52	0.0	1.24	0.0	1.05	2961147.0	36.58	73652.0	0.91	0.0	1.23	0.73	0	99370	58975
S_36_0_S106465	4219164.0	50.0	2640386.0	62.58	48.76	120354.0	119701.0	119575.0	672.0	41.0	66.0	0.61	0.0	2.35	0.0	1.05	1417268.0	33.59	35546.0	0.84	0.0	2.43	0.55	0	102716	23248
S_36_0_S115952	8585064.0	50.0	5116148.0	59.59	49.56	246744.0	243992.0	245412.0	1134.0	97.0	101.0	0.54	0.0	1.23	0.0	1.06	3175025.0	36.98	87273.0	1.02	0.0	1.66	0.75	0	142318	64300
S_37_0_S106468	4495054.0	50.0	2784875.0	61.95	48.98	151632.0	150819.0	150686.0	827.0	40.0	79.0	0.57	0.0	1.25	0.0	1.04	1539980.0	34.26	42994.0	0.96	0.0	2.29	0.54	0	102933	24272
S_37_0_S115955	7463944.0	50.0	4248622.0	56.92	49.53	205478.0	202850.0	204498.0	850.0	78.0	52.0	0.53	0.0	1.2	0.0	1.06	2932299.0	39.29	77550.0	1.04	0.0	1.83	0.93	0	136238	69235
S_38_0_S106467	5375925.0	50.0	3351531.0	62.34	48.83	164000.0	163150.0	162922.0	929.0	50.0	99.0	0.61	0.0	1.5	0.0	1.05	1869077.0	34.77	51952.0	0.97	0.0	1.4	0.52	0	75370	27995
S_38_0_S115954	6783800.0	50.0	4035807.0	59.49	49.59	318299.0	316185.0	316757.0	1380.0	107.0	55.0	0.5	0.0	1.29	0.0	1.09	2477218.0	36.52	78112.0	1.15	0.0	1.71	1.13	0	116005	76658
S_39_0_S106470	4735291.0	50.0	2917242.0	61.61	48.9	148063.0	147271.0	147208.0	764.0	30.0	61.0	0.61	0.0	1.21	0.0	1.06	1694123.0	35.78	49214.0	1.04	0.0	0.95	0.63	0	44922	29790
S_39_0_S115957	7580546.0	50.0	4705844.0	62.08	49.42	316406.0	314285.0	314278.0	1907.0	126.0	95.0	0.54	0.0	1.3	0.0	1.08	2502074.0	33.01	73989.0	0.98	0.0	3.21	0.72	0	243927	54712
S_3_0_S115921	7809007.0	50.0	4671398.0	59.82	49.53	328892.0	326366.0	327512.0	1237.0	74.0	69.0	0.51	0.0	1.27	0.0	1.11	2849583.0	36.49	91686.0	1.17	0.0	1.46	1.06	0	113753	82587
S_40_0_S106469	4564089.0	50.0	2919528.0	63.97	48.91	156994.0	156159.0	155857.0	1016.0	59.0	62.0	0.56	0.0	1.3	0.0	1.05	1501619.0	32.9	42632.0	0.93	0.0	1.7	0.49	0	77866	22444
S_40_0_S115956	8166400.0	50.0	4866255.0	59.59	49.43	250559.0	247748.0	249128.0	1228.0	99.0	104.0	0.54	0.0	1.24	0.0	1.04	3049597.0	37.34	86051.0	1.05	0.0	1.24	0.77	0	101481	63016
S_41_0_S106472	5647417.0	50.0	3630909.0	64.29	48.82	194550.0	193552.0	193014.0	1334.0	77.0	125.0	0.59	0.0	1.3	0.0	1.04	1864296.0	33.01	53693.0	0.95	0.0	1.22	0.52	0	69077	29442
S_42_0_S106471	4685422.0	50.0	2993461.0	63.89	48.74	154642.0	153905.0	153492.0	1020.0	49.0	81.0	0.59	0.0	1.27	0.0	1.05	1547910.0	33.04	41259.0	0.88	0.0	1.7	0.49	0	79793	22999
S_43_0_S106474	5104095.0	50.0	3248373.0	63.64	48.85	167429.0	166548.0	166134.0	1148.0	55.0	92.0	0.57	0.0	1.34	0.0	1.05	1700240.0	33.31	48475.0	0.95	0.0	1.52	0.57	0	77823	29184
S_44_0_S106473	4973979.0	49.0	3117830.0	62.68	48.38	177949.0	177021.0	176516.0	1266.0	55.0	112.0	0.56	0.0	1.43	0.0	1.08	1684949.0	33.88	47029.0	0.95	0.0	1.87	0.62	0	93253	30918
S_45_0_S106476	5202940.0	50.0	3342624.0	64.24	48.89	163324.0	162406.0	162128.0	1078.0	37.0	81.0	0.56	0.0	1.26	0.0	1.05	1717800.0	33.02	48978.0	0.94	0.0	1.23	0.57	0	63918	29620
S_46_0_S106475	5257856.0	50.0	3436598.0	65.36	48.87	156538.0	155608.0	155395.0	1021.0	46.0	76.0	0.59	0.0	1.26	0.0	1.05	1693377.0	32.21	40866.0	0.78	0.0	1.22	0.43	0	64338	22677
S_47_0_S106478	5291656.0	50.0	3458602.0	65.36	48.88	160702.0	159810.0	159520.0	1075.0	36.0	71.0	0.58	0.0	1.25	0.0	1.04	1712224.0	32.36	40768.0	0.77	0.0	1.08	0.43	0	57263	22799
S_48_0_S106477	4185624.0	50.0	2688607.0	64.23	48.96	139246.0	138440.0	138258.0	876.0	55.0	57.0	0.58	0.0	1.46	0.0	1.04	1320777.0	31.56	31572.0	0.75	0.0	2.99	0.47	0	125017	19651
S_49_0_S106480	4417691.0	50.0	2874880.0	65.08	48.85	152739.0	151957.0	151635.0	993.0	40.0	71.0	0.56	0.0	1.33	0.0	1.04	1411329.0	31.95	36569.0	0.83	0.0	1.64	0.5	0	72737	22176
S_4_0_S106446	6203281.0	50.0	4048748.0	65.27	48.98	216479.0	215325.0	214891.0	1435.0	65.0	88.0	0.57	0.0	1.33	0.0	1.04	1966064.0	31.69	49352.0	0.8	0.0	1.8	0.44	0	111790	27327
S_4_0_S115920	7638365.0	50.0	4616544.0	60.44	49.48	308552.0	306576.0	306752.0	1591.0	140.0	69.0	0.52	0.0	1.37	0.0	1.06	2703184.0	35.39	74896.0	0.98	0.0	2.44	0.75	0	186435	57306
S_50_0_S106479	4622483.0	50.0	2955715.0	63.94	48.92	162918.0	162100.0	161749.0	1041.0	47.0	81.0	0.57	0.0	1.3	0.0	1.05	1538666.0	33.29	40903.0	0.88	0.0	1.39	0.5	0	64130	23069
S_51_0_S106482	5155545.0	50.0	3294948.0	63.91	48.84	170628.0	169674.0	169401.0	1089.0	54.0	84.0	0.59	0.0	1.31	0.0	1.05	1709655.0	33.16	45285.0	0.88	0.0	1.52	0.52	0	78725	26932
S_52_0_S106481	4785026.0	50.0	3086180.0	64.5	48.91	154910.0	154035.0	153718.0	1064.0	54.0	74.0	0.56	0.0	1.29	0.0	1.05	1549785.0	32.39	40786.0	0.85	0.0	1.83	0.43	0	87674	20601
S_53_0_S106484	4714758.0	50.0	3008221.0	63.8	48.84	143543.0	142837.0	142489.0	940.0	35.0	79.0	0.57	0.0	1.25	0.0	1.04	1578265.0	33.47	41216.0	0.87	0.0	1.38	0.46	0	65292	21764
S_54_0_S106483	5366183.0	50.0	3416059.0	63.66	48.85	162840.0	161963.0	161712.0	1003.0	52.0	73.0	0.61	0.0	1.29	0.0	1.05	1806551.0	33.67	48244.0	0.9	0.0	1.33	0.44	0	71631	23698
S_55_0_S106486	4657330.0	50.0	2959245.0	63.54	48.96	137983.0	137155.0	137053.0	833.0	46.0	51.0	0.56	0.0	1.26	0.0	1.06	1581587.0	33.96	41595.0	0.89	0.0	1.08	0.53	0	50245	24658
S_56_0_S106485	4920416.0	50.0	3137681.0	63.77	48.81	177037.0	176083.0	175617.0	1283.0	49.0	88.0	0.58	0.0	1.4	0.0	1.06	1591143.0	32.34	42796.0	0.87	0.0	2.55	0.47	0	125639	23157
S_57_0_S106488	5265431.0	50.0	3366750.0	63.94	48.89	177982.0	177007.0	176594.0	1222.0	72.0	94.0	0.59	0.0	1.34	0.0	1.05	1746446.0	33.17	47071.0	0.89	0.0	1.44	0.55	0	76099	29065
S_58_0_S106487	5530279.0	50.0	3558171.0	64.34	48.72	174296.0	173272.0	173113.0	1067.0	45.0	71.0	0.61	0.0	1.36	0.0	1.06	1794592.0	32.45	44419.0	0.8	0.0	1.96	0.45	0	108245	24852
S_59_0_S106490	5354379.0	50.0	3509917.0	65.55	48.83	166898.0	165881.0	165716.0	1031.0	60.0	91.0	0.58	0.0	1.31	0.0	1.03	1665964.0	31.11	43787.0	0.82	0.0	2.02	0.5	0	107983	26728
S_5_0_S106448	4987584.0	50.0	3227023.0	64.7	48.94	167530.0	166712.0	166329.0	1036.0	67.0	98.0	0.59	0.0	1.25	0.0	1.06	1630428.0	32.69	43170.0	0.87	0.0	1.23	0.51	0	61474	25489
S_5_0_S115923	7770453.0	50.0	4592346.0	59.1	49.49	327881.0	325450.0	326299.0	1429.0	70.0	83.0	0.51	0.0	1.33	0.0	1.07	2766344.0	35.6	80605.0	1.04	0.0	3.35	0.91	0	260418	70740
S_60_0_S106489	4696840.0	49.0	2986640.0	63.59	48.28	157063.0	156176.0	156014.0	954.0	34.0	61.0	0.55	0.0	1.43	0.0	1.06	1565115.0	33.32	38141.0	0.81	0.0	1.79	0.49	0	83960	22984
S_61_0_S106492	5713080.0	50.0	3639689.0	63.71	48.82	175530.0	174421.0	174326.0	1062.0	56.0	86.0	0.59	0.0	1.26	0.0	1.04	1878466.0	32.88	55060.0	0.96	0.0	1.87	0.57	0	107192	32673
S_62_0_S106491	4567626.0	50.0	2885662.0	63.18	48.76	148018.0	147153.0	147081.0	844.0	33.0	60.0	0.56	0.0	1.24	0.0	1.04	1544492.0	33.81	42824.0	0.94	0.0	1.55	0.52	0	70872	23776
S_63_0_S106494	5160352.0	50.0	3271621.0	63.4	48.82	152228.0	151334.0	151194.0	901.0	37.0	96.0	0.59	0.0	1.28	0.0	1.05	1738839.0	33.7	53368.0	1.03	0.0	1.25	0.62	0	64521	32003
S_64_0_S106493	5691887.0	50.0	3720686.0	65.37	48.95	193160.0	192171.0	191675.0	1333.0	60.0	92.0	0.57	0.0	1.29	0.0	1.05	1809965.0	31.8	50920.0	0.89	0.0	1.5	0.44	0	85296	25020
S_65_0_S106496	4893101.0	50.0	3202604.0	65.45	48.9	168099.0	167210.0	166853.0	1124.0	36.0	86.0	0.56	0.0	1.29	0.0	1.04	1554654.0	31.77	43638.0	0.89	0.0	1.41	0.47	0	69154	23051
S_66_0_S106495	5583680.0	50.0	3659156.0	65.53	48.8	185117.0	184040.0	183612.0	1339.0	61.0	105.0	0.59	0.0	1.31	0.0	1.04	1758596.0	31.5	51024.0	0.91	0.0	1.56	0.5	0	87015	27889
S_67_0_S106498	4889432.0	50.0	3183855.0	65.12	48.9	155040.0	154204.0	153872.0	1049.0	45.0	74.0	0.57	0.0	1.28	0.0	1.04	1572545.0	32.16	41593.0	0.85	0.0	1.35	0.52	0	66012	25427
S_68_0_S106497	4761514.0	50.0	3007665.0	63.17	48.89	143538.0	142695.0	142508.0	908.0	46.0	76.0	0.58	0.0	1.29	0.0	1.05	1618476.0	33.99	46389.0	0.97	0.0	1.22	0.65	0	58054	30930
S_69_0_S106500	4916747.0	50.0	2966273.0	60.33	48.75	138770.0	137867.0	137963.0	737.0	25.0	45.0	0.6	0.0	1.24	0.0	1.05	1788915.0	36.38	53485.0	1.09	0.0	1.42	0.78	0	69757	38317
S_6_0_S106447	4845320.0	50.0	3158306.0	65.18	48.89	168397.0	167556.0	167126.0	1120.0	59.0	92.0	0.58	0.0	1.31	0.0	1.05	1560560.0	32.21	40689.0	0.84	0.0	1.3	0.47	0	62991	22774
S_6_0_S115922	7389336.0	50.0	4343321.0	58.78	49.54	341356.0	339136.0	339666.0	1515.0	103.0	72.0	0.49	0.0	1.29	0.0	1.07	2692291.0	36.43	79438.0	1.08	0.0	2.79	0.92	0	206269	68017
S_70_0_S106499	4335583.0	50.0	2809353.0	64.8	48.83	134212.0	133395.0	133289.0	850.0	14.0	59.0	0.61	0.0	1.24	0.0	1.03	1409211.0	32.5	38142.0	0.88	0.0	1.28	0.54	0	55474	23403
S_71_0_S106502	4555158.0	50.0	2964059.0	65.07	48.89	135682.0	134778.0	134780.0	811.0	28.0	63.0	0.58	0.0	1.27	0.0	1.05	1481282.0	32.52	40578.0	0.89	0.0	0.96	0.56	0	43730	25509
S_72_0_S106501	5164999.0	50.0	3327651.0	64.43	49.04	185091.0	184046.0	183818.0	1119.0	55.0	99.0	0.58	0.0	1.25	0.0	1.04	1659894.0	32.14	47076.0	0.91	0.0	1.96	0.57	0	101004	29374
S_73_0_S106504	5301014.0	50.0	3414056.0	64.4	48.84	185329.0	184328.0	183912.0	1253.0	51.0	113.0	0.59	0.0	1.3	0.0	1.05	1716490.0	32.38	47371.0	0.89	0.0	1.77	0.55	0	93915	29182
S_74_0_S106503	4495220.0	50.0	2852459.0	63.46	48.9	157584.0	156702.0	156403.0	1044.0	50.0	87.0	0.56	0.0	1.26	0.0	1.06	1448881.0	32.23	43085.0	0.96	0.0	2.71	0.64	0	121986	28809
S_75_0_S106506	4443903.0	50.0	2845057.0	64.02	48.91	150243.0	149387.0	149092.0	1040.0	48.0	63.0	0.59	0.0	1.24	0.0	1.05	1457102.0	32.79	42227.0	0.95	0.0	1.62	0.62	0	71972	27545
S_76_0_S106505	4165497.0	50.0	2721846.0	65.34	49.07	142905.0	142060.0	141804.0	991.0	36.0	74.0	0.58	0.0	1.27	0.0	1.06	1324792.0	31.8	41523.0	1.0	0.0	1.09	0.76	0	45566	31770
S_77_0_S106508	5249012.0	50.0	3417734.0	65.11	48.92	167387.0	166409.0	166089.0	1157.0	47.0	94.0	0.59	0.0	1.29	0.0	1.06	1668573.0	31.79	55971.0	1.07	0.0	1.38	0.65	0	72558	34176
S_78_0_S106507	4468597.0	50.0	2914116.0	65.21	48.98	142723.0	141945.0	141598.0	1018.0	27.0	80.0	0.57	0.0	1.24	0.0	1.07	1433621.0	32.08	42868.0	0.96	0.0	1.16	0.59	0	51698	26294
S_79_0_S106510	5547244.0	50.0	3599139.0	64.88	48.83	170390.0	169427.0	169022.0	1229.0	46.0	93.0	0.57	0.0	1.23	0.0	1.05	1802923.0	32.5	48860.0	0.88	0.0	1.2	0.54	0	66429	29893
S_7_0_S106450	4192155.0	50.0	2727199.0	65.05	48.97	140888.0	140184.0	139821.0	954.0	47.0	66.0	0.57	0.0	1.25	0.0	1.03	1359958.0	32.44	33780.0	0.81	0.0	1.21	0.49	0	50690	20528
S_7_0_S115925	6931201.0	50.0	4062133.0	58.61	49.52	192696.0	190311.0	191529.0	1034.0	78.0	55.0	0.55	0.0	1.28	0.0	1.05	2641754.0	38.11	75767.0	1.09	0.0	1.51	0.67	0	104971	46576
S_80_0_S106509	5657306.0	50.0	3687477.0	65.18	49.04	210962.0	209877.0	209288.0	1500.0	43.0	131.0	0.57	0.0	1.25	0.0	1.07	1814296.0	32.07	53477.0	0.95	0.0	1.22	0.58	0	69171	32885
S_81_0_S106512	4996006.0	50.0	3237620.0	64.8	48.98	189337.0	188337.0	187799.0	1351.0	62.0	125.0	0.57	0.0	1.29	0.0	1.07	1628068.0	32.59	49009.0	0.98	0.0	1.0	0.62	0	50191	31118
S_82_0_S106511	4275527.0	50.0	2797850.0	65.44	48.86	142102.0	141291.0	141075.0	901.0	61.0	65.0	0.58	0.0	1.31	0.0	1.05	1362392.0	31.86	33941.0	0.79	0.0	1.43	0.47	0	61222	20122
S_83_0_S106514	5294703.0	50.0	3471183.0	65.56	48.93	177703.0	176695.0	176275.0	1279.0	47.0	102.0	0.58	0.0	1.24	0.0	1.05	1685960.0	31.84	43222.0	0.82	0.0	1.29	0.49	0	68369	25969
S_84_0_S106513	4438874.0	50.0	2897748.0	65.28	48.83	144149.0	143274.0	143125.0	907.0	41.0	76.0	0.57	0.0	1.3	0.0	1.06	1423030.0	32.06	35185.0	0.79	0.0	1.38	0.49	0	61186	21725
S_85_0_S106516	5215282.0	50.0	3374948.0	64.71	48.8	163529.0	162542.0	162284.0	1115.0	40.0	90.0	0.6	0.0	1.32	0.0	1.05	1686752.0	32.34	44786.0	0.86	0.0	1.55	0.54	0	80686	28110
S_86_0_S106515	4532140.0	50.0	2955524.0	65.21	48.91	139109.0	138286.0	138103.0	897.0	40.0	69.0	0.58	0.0	1.28	0.0	1.05	1447416.0	31.94	42746.0	0.94	0.0	1.25	0.65	0	56878	29576
S_87_0_S106518	4899028.0	50.0	3175265.0	64.81	48.79	144635.0	143696.0	143517.0	969.0	44.0	105.0	0.58	0.0	1.34	0.0	1.07	1586324.0	32.38	48067.0	0.98	0.0	1.15	0.67	0	56471	32901
S_88_0_S106517	4462513.0	50.0	2902460.0	65.04	49.05	153389.0	152501.0	152199.0	1037.0	72.0	81.0	0.58	0.0	1.27	0.0	1.05	1436660.0	32.19	42119.0	0.94	0.0	1.21	0.61	0	54034	27240
S_89_0_S106520	5603572.0	50.0	3635694.0	64.88	48.91	203964.0	202860.0	202197.0	1587.0	42.0	138.0	0.56	0.0	1.33	0.0	1.07	1833044.0	32.71	53081.0	0.95	0.0	0.85	0.61	0	47596	34157
S_8_0_S106449	4961312.0	50.0	3203664.0	64.57	48.89	161838.0	160987.0	160694.0	1026.0	42.0	76.0	0.58	0.0	1.27	0.0	1.06	1611712.0	32.49	39450.0	0.8	0.0	1.65	0.49	0	82104	24382
S_8_0_S115924	9179654.0	50.0	5580965.0	60.8	49.4	416770.0	414314.0	413807.0	2641.0	169.0	153.0	0.5	0.0	1.38	0.0	1.05	3199137.0	34.85	101869.0	1.11	0.0	2.5	0.74	0	229694	67989
S_90_0_S106519	4648683.0	50.0	3021832.0	65.0	49.03	155191.0	154199.0	154086.0	968.0	35.0	102.0	0.6	0.0	1.26	0.0	1.08	1481869.0	31.88	47779.0	1.03	0.0	1.3	0.79	0	60461	36742
S_91_0_S106522	3861870.0	50.0	2503334.0	64.82	49.03	127842.0	127087.0	126839.0	901.0	37.0	65.0	0.58	0.0	1.26	0.0	1.06	1224168.0	31.7	38533.0	1.0	0.0	1.7	0.78	0	65693	30142
S_92_0_S106521	4115916.0	50.0	2683193.0	65.19	49.0	138210.0	137351.0	137211.0	912.0	32.0	55.0	0.58	0.0	1.31	0.0	1.08	1281523.0	31.14	40239.0	0.98	0.0	1.96	0.73	0	80849	30112
S_93_0_S106524	4293452.0	50.0	2731203.0	63.61	49.0	140148.0	139199.0	139274.0	790.0	21.0	63.0	0.62	0.0	1.27	0.0	1.11	1407628.0	32.79	47795.0	1.11	0.0	1.6	0.89	0	68643	38183
S_94_0_S106523	3612233.0	50.0	2360985.0	65.36	48.98	115174.0	114467.0	114561.0	544.0	32.0	37.0	0.6	0.0	1.19	0.0	1.06	1163298.0	32.2	29744.0	0.82	0.0	1.04	0.57	0	37599	20607
S_95_0_S106526	4267459.0	50.0	2804980.0	65.73	48.88	133772.0	132944.0	132938.0	754.0	28.0	52.0	0.62	0.0	1.23	0.0	1.05	1351458.0	31.67	35579.0	0.83	0.0	1.18	0.59	0	50295	25147
S_96_0_S106525	3973728.0	50.0	2601331.0	65.46	49.1	147718.0	146935.0	146780.0	850.0	43.0	45.0	0.59	0.0	1.27	0.0	1.05	1240493.0	31.22	30957.0	0.78	0.0	2.01	0.53	0	79883	21064
S_97_0_S106528	4528847.0	50.0	2930640.0	64.71	49.01	167573.0	166665.0	166395.0	1042.0	51.0	85.0	0.59	0.0	1.23	0.0	1.04	1446665.0	31.94	38710.0	0.85	0.0	1.89	0.6	0	85644	27188
S_98_0_S106527	4794650.0	50.0	3111071.0	64.89	48.93	172003.0	170979.0	170774.0	1091.0	35.0	103.0	0.59	0.0	1.21	0.0	1.07	1537713.0	32.07	38654.0	0.81	0.0	1.66	0.57	0	79808	27404
S_99_0_S106530	4367278.0	50.0	2854455.0	65.36	49.09	155958.0	155054.0	154846.0	993.0	44.0	75.0	0.58	0.0	1.26	0.0	1.06	1382305.0	31.65	40347.0	0.92	0.0	1.37	0.7	0	59678	30493
S_9_0_S106452	4515105.0	50.0	2941392.0	65.15	48.97	146707.0	145968.0	145625.0	969.0	44.0	69.0	0.56	0.0	1.26	0.0	1.04	1450129.0	32.12	37181.0	0.82	0.0	1.41	0.5	0	63784	22619
S_9_0_S115927	7392889.0	50.0	4500605.0	60.88	49.49	294138.0	292004.0	292836.0	1086.0	141.0	75.0	0.52	0.0	1.23	0.0	1.07	2641980.0	35.74	83352.0	1.13	0.0	1.42	0.83	0	105365	61587
