Sample	total_reads	Human counts	Human percentage	Mouse counts	Mouse percentage	Rat counts	Rat percentage	Drosophila counts	Drosophila percentage	Worm counts	Worm percentage	Yeast counts	Yeast percentage	Arabidopsis counts	Arabidopsis percentage	Ecoli counts	Ecoli percentage	rRNA counts	rRNA percentage	MT counts	MT percentage	PhiX counts	PhiX percentage	Lambda counts	Lambda percentage	Vectors counts	Vectors percentage	Adapters counts	Adapters percentage	No hits counts	No hits percentage
R10_S123915	100008	26909.0	26.9	96826.0	96.81	60140.0	60.129999999999995	669.0	0.6699999999999999	195.0	0.19	329.0	0.32	591.0	0.5900000000000001	0.0	0.0	9720.0	9.71	4291.0	4.29	8.0	0.01	0.0	0.0	16.0	0.02	6.0	0.0	2160	2.16
R11_S123918	99746	29204.0	29.28	95210.0	95.46	60247.0	60.400000000000006	870.0	0.87	223.0	0.23	402.0	0.4	752.0	0.75	0.0	0.0	13118.0	13.15	4311.0	4.32	10.0	0.01	0.0	0.0	19.0	0.02	4.0	0.0	3331	3.34
R12_S123917	99898	29055.0	29.09	95386.0	95.47	60751.0	60.82	845.0	0.84	193.0	0.2	397.0	0.4	745.0	0.74	0.0	0.0	12634.0	12.64	3575.0	3.58	13.0	0.01	0.0	0.0	18.0	0.02	6.0	0.0	3436	3.44
R13_S123920	99837	28020.0	28.060000000000002	96267.0	96.42	60220.0	60.31	869.0	0.87	223.0	0.22	390.0	0.39	749.0	0.75	0.0	0.0	12165.0	12.19	4739.0	4.75	6.0	0.01	0.0	0.0	16.0	0.02	4.0	0.0	2625	2.63
R14_S123919	99965	29252.0	29.259999999999998	95457.0	95.5	59991.0	60.010000000000005	803.0	0.8	236.0	0.24	262.0	0.27	686.0	0.68	0.0	0.0	14028.0	14.03	3882.0	3.89	9.0	0.01	0.0	0.0	24.0	0.03	7.0	0.01	3098	3.1
R15_S123922	100552	28708.0	28.54	96464.0	95.94	60604.0	60.269999999999996	769.0	0.77	258.0	0.25	366.0	0.37	642.0	0.63	0.0	0.0	11959.0	11.889999999999999	4858.0	4.83	11.0	0.01	0.0	0.0	18.0	0.02	8.0	0.0	2543	2.53
R16_S123921	100262	26511.0	26.439999999999998	96775.0	96.53	60040.0	59.89	700.0	0.69	228.0	0.23	338.0	0.33	590.0	0.5900000000000001	0.0	0.0	9535.0	9.51	4895.0	4.88	14.0	0.01	0.0	0.0	16.0	0.01	5.0	0.0	2376	2.37
R17_S123924	100079	26952.0	26.93	95542.0	95.47	59362.0	59.3	853.0	0.85	252.0	0.25	361.0	0.36	736.0	0.74	0.0	0.0	10866.0	10.85	4980.0	4.97	17.0	0.02	0.0	0.0	22.0	0.02	6.0	0.0	3372	3.37
R18_S123923	99949	27111.0	27.130000000000003	96499.0	96.54	59409.0	59.44	886.0	0.89	297.0	0.29000000000000004	347.0	0.34	764.0	0.76	0.0	0.0	11080.0	11.08	5195.0	5.19	13.0	0.01	0.0	0.0	24.0	0.02	4.0	0.0	2318	2.32
R19_S123890	100126	24880.0	24.84	96850.0	96.73	58497.0	58.42	613.0	0.61	219.0	0.22	279.0	0.28	529.0	0.53	0.0	0.0	7951.0	7.9399999999999995	4967.0	4.96	11.0	0.01	0.0	0.0	21.0	0.02	6.0	0.0	2403	2.4
R1_S123908	99804	26997.0	27.06	95575.0	95.75999999999999	59526.0	59.650000000000006	622.0	0.62	223.0	0.22	238.0	0.24000000000000002	526.0	0.53	0.0	0.0	10380.0	10.399999999999999	4069.0	4.07	7.0	0.01	0.0	0.0	20.0	0.02	6.0	0.0	2495	2.5
R20_S123889	100080	23833.0	23.810000000000002	96517.0	96.44	57478.0	57.44	581.0	0.58	252.0	0.25	229.0	0.23	477.0	0.48	0.0	0.0	7271.0	7.260000000000001	4553.0	4.55	13.0	0.01	0.0	0.0	18.0	0.02	9.0	0.01	2562	2.56
R21_S123892	100090	25454.0	25.43	97189.0	97.1	58887.0	58.82	617.0	0.6200000000000001	204.0	0.21	321.0	0.32	557.0	0.55	0.0	0.0	8945.0	8.93	4233.0	4.2299999999999995	8.0	0.01	0.0	0.0	17.0	0.02	5.0	0.0	2201	2.2
R22_S123891	100321	25927.0	25.84	96997.0	96.69	59184.0	58.99	693.0	0.69	225.0	0.22	291.0	0.29000000000000004	580.0	0.5800000000000001	0.0	0.0	10059.0	10.030000000000001	4574.0	4.56	26.0	0.03	0.0	0.0	16.0	0.02	4.0	0.0	2327	2.32
R23_S123894	99801	20795.0	20.84	95804.0	96.0	56166.0	56.28	375.0	0.37	213.0	0.22	150.0	0.15	284.0	0.29	1.0	0.0	2901.0	2.9000000000000004	4167.0	4.18	13.0	0.01	0.0	0.0	18.0	0.02	2.0	0.0	3133	3.14
R24_S123893	99905	22876.0	22.9	96687.0	96.78	57774.0	57.83	510.0	0.51	214.0	0.22	222.0	0.22	422.0	0.43	1.0	0.0	5499.0	5.5	4406.0	4.41	10.0	0.01	1.0	0.0	17.0	0.02	0.0	0.0	2407	2.41
R25_S123896	99963	25315.0	25.32	96720.0	96.77000000000001	59026.0	59.05	631.0	0.63	227.0	0.22	263.0	0.26	530.0	0.53	0.0	0.0	8379.0	8.379999999999999	4558.0	4.5600000000000005	14.0	0.01	0.0	0.0	18.0	0.02	1.0	0.0	2209	2.21
R26_S123895	100439	24629.0	24.520000000000003	97132.0	96.71000000000001	58896.0	58.64	588.0	0.58	209.0	0.21	215.0	0.21000000000000002	461.0	0.45999999999999996	0.0	0.0	7422.0	7.39	4623.0	4.6	20.0	0.02	0.0	0.0	20.0	0.02	5.0	0.0	2430	2.42
R27_S123898	100081	20258.0	20.25	95635.0	95.56	55995.0	55.940000000000005	324.0	0.32	200.0	0.2	120.0	0.12	250.0	0.25	0.0	0.0	2315.0	2.31	4879.0	4.87	15.0	0.01	0.0	0.0	24.0	0.02	5.0	0.0	3763	3.76
R28_S123897	100045	25766.0	25.75	96644.0	96.6	59085.0	59.059999999999995	723.0	0.72	218.0	0.22	279.0	0.27	619.0	0.62	0.0	0.0	9765.0	9.76	4217.0	4.21	19.0	0.02	0.0	0.0	18.0	0.02	2.0	0.0	2581	2.58
R29_S123900	99775	22250.0	22.299999999999997	96455.0	96.68	57426.0	57.55	441.0	0.43999999999999995	201.0	0.19999999999999998	152.0	0.15000000000000002	343.0	0.33999999999999997	0.0	0.0	5058.0	5.07	4307.0	4.32	12.0	0.01	0.0	0.0	16.0	0.02	3.0	0.0	2384	2.39
R2_S123907	100013	29265.0	29.26	96031.0	96.01	61006.0	60.99	861.0	0.86	219.0	0.21	382.0	0.38	778.0	0.77	0.0	0.0	13005.0	13.0	3831.0	3.83	9.0	0.01	0.0	0.0	17.0	0.02	6.0	0.0	2800	2.8
R30_S123899	100397	25363.0	25.27	97262.0	96.88	59102.0	58.87	619.0	0.62	210.0	0.19999999999999998	257.0	0.25	545.0	0.55	0.0	0.0	8638.0	8.61	4198.0	4.1899999999999995	11.0	0.01	0.0	0.0	25.0	0.02	7.0	0.0	2359	2.35
R31_S123902	100136	24537.0	24.49	96192.0	96.06	57579.0	57.49	559.0	0.55	247.0	0.24	223.0	0.22	478.0	0.47	0.0	0.0	8331.0	8.32	4899.0	4.89	14.0	0.01	0.0	0.0	23.0	0.02	6.0	0.0	3094	3.09
R32_S123901	99790	24655.0	24.7	96670.0	96.88	58761.0	58.89	575.0	0.57	240.0	0.24	252.0	0.26	463.0	0.45999999999999996	0.0	0.0	7857.0	7.87	4716.0	4.72	11.0	0.01	0.0	0.0	23.0	0.02	4.0	0.0	2165	2.17
R33_S123904	99790	23900.0	23.959999999999997	97220.0	97.43	58558.0	58.68	725.0	0.73	239.0	0.24	333.0	0.33	616.0	0.62	0.0	0.0	7155.0	7.17	5414.0	5.42	10.0	0.01	0.0	0.0	20.0	0.03	4.0	0.0	2165	2.17
R34_S123903	99794	23355.0	23.400000000000002	97338.0	97.53999999999999	58295.0	58.42	659.0	0.6699999999999999	222.0	0.22	248.0	0.25	601.0	0.6000000000000001	0.0	0.0	6950.0	6.97	4651.0	4.66	9.0	0.01	0.0	0.0	15.0	0.02	3.0	0.0	2035	2.04
R35_S123906	99675	22459.0	22.54	97017.0	97.33	58049.0	58.24	542.0	0.55	201.0	0.19999999999999998	197.0	0.2	445.0	0.43999999999999995	0.0	0.0	5072.0	5.09	3717.0	3.73	9.0	0.01	0.0	0.0	14.0	0.02	3.0	0.0	2242	2.25
R36_S123905	100338	24257.0	24.169999999999998	97299.0	96.97	58678.0	58.480000000000004	708.0	0.71	211.0	0.21000000000000002	356.0	0.36000000000000004	610.0	0.61	0.0	0.0	7707.0	7.68	4668.0	4.66	13.0	0.01	0.0	0.0	15.0	0.02	4.0	0.0	2608	2.6
R3_S123910	99839	26653.0	26.689999999999998	96126.0	96.28	59093.0	59.18	685.0	0.6799999999999999	218.0	0.22	285.0	0.29000000000000004	572.0	0.5700000000000001	0.0	0.0	10079.0	10.09	4500.0	4.5	13.0	0.01	0.0	0.0	17.0	0.02	5.0	0.0	2785	2.79
R4_S123909	99879	27902.0	27.94	96233.0	96.35000000000001	59748.0	59.82	814.0	0.8099999999999999	255.0	0.26	379.0	0.38	715.0	0.7200000000000001	0.0	0.0	11965.0	11.98	4359.0	4.36	12.0	0.01	0.0	0.0	25.0	0.02	6.0	0.0	2776	2.78
R5_S123912	100170	24553.0	24.51	95534.0	95.37	58101.0	58.010000000000005	743.0	0.74	243.0	0.25	406.0	0.4	663.0	0.66	0.0	0.0	8169.0	8.15	3888.0	3.8800000000000003	10.0	0.01	0.0	0.0	24.0	0.02	4.0	0.0	4237	4.23
R6_S123911	100294	28950.0	28.86	97058.0	96.77	61960.0	61.78	801.0	0.7999999999999999	230.0	0.22999999999999998	336.0	0.34	682.0	0.68	0.0	0.0	11933.0	11.899999999999999	3411.0	3.4	15.0	0.01	0.0	0.0	20.0	0.02	4.0	0.0	2096	2.09
R7_S123914	100069	27162.0	27.14	96436.0	96.37	60438.0	60.400000000000006	621.0	0.62	231.0	0.23	263.0	0.26	512.0	0.51	0.0	0.0	9715.0	9.71	3905.0	3.91	10.0	0.01	0.0	0.0	14.0	0.01	2.0	0.0	2331	2.33
R8_S123913	99992	27156.0	27.16	97055.0	97.07000000000001	60456.0	60.46	744.0	0.75	262.0	0.26	316.0	0.31	642.0	0.64	0.0	0.0	10335.0	10.340000000000002	4419.0	4.42	16.0	0.02	0.0	0.0	16.0	0.02	5.0	0.0	2119	2.12
R9_S123916	99930	26535.0	26.55	96594.0	96.66	59909.0	59.96	668.0	0.6599999999999999	227.0	0.23	296.0	0.30000000000000004	577.0	0.5800000000000001	0.0	0.0	9259.0	9.270000000000001	4262.0	4.26	14.0	0.01	0.0	0.0	27.0	0.03	6.0	0.0	2388	2.39
S_100_0_S106529	100819	12713.0	12.61	94896.0	94.11000000000001	35663.0	35.370000000000005	276.0	0.27	175.0	0.17	84.0	0.08	162.0	0.16	0.0	0.0	2559.0	2.54	5544.0	5.5	105.0	0.1	0.0	0.0	1.0	0.0	0.0	0.0	4708	4.67
S_101_0_S106532	99062	11145.0	11.25	93412.0	94.3	34120.0	34.44	289.0	0.29000000000000004	205.0	0.21000000000000002	87.0	0.09	183.0	0.19	0.0	0.0	1841.0	1.8599999999999999	5624.0	5.67	217.0	0.22	0.0	0.0	6.0	0.0	2.0	0.0	4636	4.68
S_102_0_S106531	99407	12428.0	12.49	93656.0	94.21000000000001	36006.0	36.22	222.0	0.22	145.0	0.14	80.0	0.09	150.0	0.15	0.0	0.0	2617.0	2.63	5432.0	5.46	172.0	0.17	0.0	0.0	1.0	0.0	2.0	0.0	4532	4.56
S_103_0_S106534	99318	11115.0	11.2	93208.0	93.83999999999999	34413.0	34.65	242.0	0.24000000000000002	154.0	0.15	85.0	0.09	156.0	0.16	0.0	0.0	1698.0	1.71	5554.0	5.6	159.0	0.16	0.0	0.0	2.0	0.0	3.0	0.0	5124	5.16
S_104_0_S106533	100356	11951.0	11.91	95067.0	94.72999999999999	36018.0	35.89	331.0	0.32999999999999996	218.0	0.21000000000000002	108.0	0.11	229.0	0.23	0.0	0.0	2023.0	2.02	5897.0	5.88	232.0	0.23	0.0	0.0	0.0	0.0	0.0	0.0	4224	4.21
S_106_0_S106536	100068	12182.0	12.18	93694.0	93.63	35980.0	35.96	236.0	0.24	166.0	0.16	98.0	0.09	176.0	0.16999999999999998	0.0	0.0	1873.0	1.8699999999999999	5634.0	5.63	146.0	0.15	0.0	0.0	5.0	0.0	3.0	0.0	4663	4.66
S_107_0_S106535	100391	10914.0	10.87	94218.0	93.85000000000001	35819.0	35.68	326.0	0.32	217.0	0.22000000000000003	121.0	0.12	219.0	0.22	0.0	0.0	797.0	0.8	5641.0	5.62	499.0	0.5	0.0	0.0	2.0	0.0	1.0	0.0	4266	4.25
S_108_0_S106538	99108	11565.0	11.68	92844.0	93.69	35248.0	35.56	214.0	0.21000000000000002	139.0	0.14	76.0	0.08	152.0	0.15	0.0	0.0	1435.0	1.4500000000000002	5526.0	5.58	149.0	0.15	0.0	0.0	2.0	0.0	0.0	0.0	4796	4.84
S_109_0_S106537	101191	11805.0	11.66	94864.0	93.76	36614.0	36.19	258.0	0.25	166.0	0.16	89.0	0.09	173.0	0.16999999999999998	0.0	0.0	1194.0	1.18	4744.0	4.69	199.0	0.2	0.0	0.0	2.0	0.0	2.0	0.0	4634	4.58
S_10_0_S115926	100071	12043.0	12.030000000000001	95996.0	95.93	37263.0	37.24	262.0	0.26	168.0	0.17	97.0	0.09	143.0	0.13999999999999999	0.0	0.0	1356.0	1.35	6987.0	6.98	177.0	0.18	0.0	0.0	2.0	0.0	2.0	0.0	2791	2.79
S_11_0_S115929	99790	25952.0	26.0	93091.0	93.29	47404.0	47.51	282.0	0.28	156.0	0.16	148.0	0.14	198.0	0.2	0.0	0.0	15650.0	15.68	5578.0	5.59	162.0	0.16	0.0	0.0	1.0	0.0	0.0	0.0	2584	2.59
S_12_0_S115928	100060	13834.0	13.819999999999999	95079.0	95.00999999999999	38610.0	38.59	271.0	0.27	192.0	0.19	101.0	0.1	166.0	0.16999999999999998	0.0	0.0	2873.0	2.87	7178.0	7.17	163.0	0.16	0.0	0.0	0.0	0.0	0.0	0.0	2651	2.65
S_13_0_S115931	99468	13691.0	13.76	94797.0	95.31	37336.0	37.54	318.0	0.32	196.0	0.2	116.0	0.11	171.0	0.16999999999999998	0.0	0.0	3186.0	3.1999999999999997	5747.0	5.779999999999999	140.0	0.14	0.0	0.0	0.0	0.0	0.0	0.0	2735	2.75
S_14_0_S115930	99400	13948.0	14.04	94563.0	95.13000000000001	36872.0	37.1	281.0	0.29	195.0	0.2	102.0	0.09999999999999999	157.0	0.15	0.0	0.0	2706.0	2.72	5618.0	5.65	194.0	0.2	0.0	0.0	0.0	0.0	0.0	0.0	2544	2.56
S_15_0_S115933	100570	10464.0	10.41	95959.0	95.42	34549.0	34.34	311.0	0.31	169.0	0.17	88.0	0.09	134.0	0.13999999999999999	0.0	0.0	941.0	0.94	5108.0	5.08	1811.0	1.8	0.0	0.0	1.0	0.0	1.0	0.0	2111	2.1
S_16_0_S106451	99768	13679.0	13.71	94146.0	94.37	36733.0	36.82	280.0	0.28	172.0	0.17	98.0	0.09	157.0	0.16	0.0	0.0	3940.0	3.95	6123.0	6.140000000000001	106.0	0.11	0.0	0.0	0.0	0.0	0.0	0.0	4220	4.23
S_16_0_S115932	99807	23492.0	23.53	93284.0	93.46	45123.0	45.209999999999994	253.0	0.26	165.0	0.16	134.0	0.14	185.0	0.19	0.0	0.0	12838.0	12.86	5119.0	5.12	179.0	0.18	0.0	0.0	1.0	0.0	0.0	0.0	2684	2.69
S_17_0_S106454	100916	10874.0	10.77	96258.0	95.36999999999999	34955.0	34.63	286.0	0.28	177.0	0.17	79.0	0.07	175.0	0.17	0.0	0.0	1605.0	1.5899999999999999	6320.0	6.26	150.0	0.15	0.0	0.0	2.0	0.0	1.0	0.0	4066	4.03
S_17_0_S115935	100585	11220.0	11.15	96867.0	96.3	36573.0	36.370000000000005	283.0	0.28	184.0	0.19	94.0	0.09	159.0	0.16	0.0	0.0	605.0	0.6	5125.0	5.1000000000000005	176.0	0.17	0.0	0.0	1.0	0.0	0.0	0.0	2514	2.5
S_18_0_S106453	99641	13903.0	13.96	94170.0	94.5	36433.0	36.56	255.0	0.25	181.0	0.18000000000000002	107.0	0.09999999999999999	178.0	0.18	0.0	0.0	4599.0	4.609999999999999	6474.0	6.489999999999999	119.0	0.12	0.0	0.0	1.0	0.0	0.0	0.0	4344	4.36
S_18_0_S115934	100332	11614.0	11.58	95336.0	95.02000000000001	36970.0	36.86	285.0	0.29000000000000004	198.0	0.2	98.0	0.09999999999999999	165.0	0.16	1.0	0.0	1379.0	1.37	5083.0	5.06	1169.0	1.17	0.0	0.0	3.0	0.0	0.0	0.0	2729	2.72
S_19_0_S106456	99504	13511.0	13.57	94086.0	94.56	36956.0	37.15	250.0	0.25	167.0	0.16	100.0	0.09999999999999999	171.0	0.16999999999999998	0.0	0.0	3796.0	3.8200000000000003	6551.0	6.590000000000001	109.0	0.11	0.0	0.0	0.0	0.0	0.0	0.0	4238	4.26
S_19_0_S115937	100242	20768.0	20.71	94894.0	94.67	43258.0	43.15	299.0	0.29000000000000004	194.0	0.19	125.0	0.12	199.0	0.19	1.0	0.0	11160.0	11.13	4739.0	4.7299999999999995	158.0	0.16	0.0	0.0	0.0	0.0	0.0	0.0	2696	2.69
S_1_0_S115919	100214	11516.0	11.49	97383.0	97.17	35184.0	35.11	338.0	0.32999999999999996	219.0	0.21	116.0	0.12	169.0	0.16999999999999998	0.0	0.0	1239.0	1.24	5595.0	5.58	119.0	0.12	0.0	0.0	2.0	0.0	0.0	0.0	1823	1.82
S_20_0_S106455	100375	14929.0	14.870000000000001	94496.0	94.15	38100.0	37.96	234.0	0.23	154.0	0.15	94.0	0.09	177.0	0.16999999999999998	0.0	0.0	5332.0	5.31	6701.0	6.67	90.0	0.09	0.0	0.0	3.0	0.0	3.0	0.0	4818	4.8
S_20_0_S115936	99667	22278.0	22.35	93840.0	94.16	44715.0	44.87	292.0	0.29000000000000004	170.0	0.16999999999999998	149.0	0.15000000000000002	186.0	0.18000000000000002	0.0	0.0	12547.0	12.59	4451.0	4.47	262.0	0.26	0.0	0.0	0.0	0.0	0.0	0.0	2611	2.62
S_21_0_S106458	100451	13940.0	13.879999999999999	94639.0	94.22	36703.0	36.54	231.0	0.23	149.0	0.15	83.0	0.08	156.0	0.15	0.0	0.0	4328.0	4.3100000000000005	7042.0	7.01	94.0	0.09	0.0	0.0	0.0	0.0	0.0	0.0	4781	4.76
S_21_0_S115939	99971	12282.0	12.29	95419.0	95.45	37117.0	37.129999999999995	303.0	0.30000000000000004	208.0	0.21000000000000002	102.0	0.09999999999999999	174.0	0.17	1.0	0.0	1815.0	1.8199999999999998	5258.0	5.26	532.0	0.53	0.0	0.0	0.0	0.0	0.0	0.0	2709	2.71
S_22_0_S115938	100616	10350.0	10.29	94707.0	94.12	34764.0	34.55	323.0	0.32	191.0	0.19	119.0	0.12	183.0	0.18	0.0	0.0	1299.0	1.29	4731.0	4.71	2958.0	2.94	0.0	0.0	2.0	0.0	1.0	0.0	2133	2.12
S_23_0_S115941	99849	11685.0	11.7	95423.0	95.56	35430.0	35.480000000000004	297.0	0.3	174.0	0.17	100.0	0.09999999999999999	159.0	0.16	0.0	0.0	1461.0	1.4700000000000002	4593.0	4.6	156.0	0.16	0.0	0.0	1.0	0.0	0.0	0.0	2526	2.53
S_24_0_S115940	100309	14383.0	14.34	94999.0	94.71	38327.0	38.2	347.0	0.35000000000000003	255.0	0.25	153.0	0.15000000000000002	254.0	0.25	0.0	0.0	3901.0	3.8899999999999997	4979.0	4.96	173.0	0.17	0.0	0.0	0.0	0.0	0.0	0.0	3079	3.07
S_25_0_S106457	99302	14695.0	14.8	93154.0	93.81	37329.0	37.59	224.0	0.22999999999999998	153.0	0.16	91.0	0.09	167.0	0.17	0.0	0.0	5422.0	5.46	6348.0	6.39	100.0	0.1	0.0	0.0	2.0	0.0	1.0	0.0	4776	4.81
S_25_0_S115943	100802	11449.0	11.36	96891.0	96.12	37402.0	37.1	246.0	0.25	161.0	0.16	88.0	0.09	162.0	0.16	0.0	0.0	828.0	0.8200000000000001	4858.0	4.82	385.0	0.38	0.0	0.0	1.0	0.0	1.0	0.0	2711	2.69
S_26_0_S106460	100965	11989.0	11.879999999999999	95241.0	94.33	35241.0	34.91	306.0	0.31	213.0	0.22	124.0	0.12	219.0	0.22	0.0	0.0	2944.0	2.92	6401.0	6.34	121.0	0.12	0.0	0.0	1.0	0.0	0.0	0.0	4805	4.76
S_26_0_S115942	99525	27150.0	27.28	91114.0	91.55000000000001	46902.0	47.13	346.0	0.34	213.0	0.21000000000000002	191.0	0.2	269.0	0.27	0.0	0.0	16644.0	16.72	4518.0	4.54	294.0	0.3	0.0	0.0	0.0	0.0	0.0	0.0	3433	3.45
S_27_0_S106459	98885	12796.0	12.940000000000001	93156.0	94.21000000000001	35437.0	35.84	231.0	0.24	154.0	0.16	80.0	0.08	151.0	0.15	0.0	0.0	3425.0	3.46	7054.0	7.130000000000001	455.0	0.46	0.0	0.0	3.0	0.0	2.0	0.0	4252	4.3
S_27_0_S115945	100055	14585.0	14.57	94073.0	94.02	36690.0	36.67	283.0	0.28	200.0	0.2	108.0	0.11	194.0	0.19	0.0	0.0	2194.0	2.19	5435.0	5.4399999999999995	217.0	0.22	0.0	0.0	2.0	0.0	1.0	0.0	2931	2.93
S_28_0_S106462	99439	10866.0	10.93	94422.0	94.96	34214.0	34.4	271.0	0.27	178.0	0.17	101.0	0.11	190.0	0.19	0.0	0.0	1707.0	1.71	7378.0	7.42	95.0	0.1	0.0	0.0	1.0	0.0	1.0	0.0	4246	4.27
S_28_0_S115944	100372	14241.0	14.190000000000001	95091.0	94.73	39073.0	38.93	239.0	0.24	153.0	0.15	104.0	0.11	148.0	0.15	0.0	0.0	3680.0	3.66	5010.0	4.99	644.0	0.64	0.0	0.0	1.0	0.0	0.0	0.0	2710	2.7
S_29_0_S106461	100398	14973.0	14.919999999999998	94115.0	93.74000000000001	37189.0	37.05	252.0	0.25	177.0	0.17	92.0	0.09	175.0	0.16999999999999998	0.0	0.0	5335.0	5.3100000000000005	6855.0	6.83	56.0	0.06	0.0	0.0	3.0	0.0	2.0	0.0	4698	4.68
S_29_0_S115947	99420	21559.0	21.68	93448.0	94.0	43729.0	43.99	282.0	0.29000000000000004	163.0	0.17	110.0	0.11	174.0	0.18	0.0	0.0	11650.0	11.719999999999999	4939.0	4.96	248.0	0.25	0.0	0.0	0.0	0.0	0.0	0.0	2574	2.59
S_2_0_S115918	100438	12408.0	12.36	95968.0	95.55	36438.0	36.28	342.0	0.33999999999999997	208.0	0.19999999999999998	116.0	0.12	202.0	0.2	0.0	0.0	1529.0	1.52	6027.0	6.0	291.0	0.29	0.0	0.0	1.0	0.0	1.0	0.0	2249	2.24
S_30_0_S106464	99483	13541.0	13.620000000000001	93610.0	94.09	36308.0	36.49	316.0	0.31	216.0	0.21	137.0	0.13	232.0	0.24	0.0	0.0	4162.0	4.18	6394.0	6.43	209.0	0.21	0.0	0.0	0.0	0.0	0.0	0.0	4466	4.49
S_30_0_S115946	99678	16404.0	16.46	94628.0	94.93	40976.0	41.11	307.0	0.31	180.0	0.18	119.0	0.12	182.0	0.19	1.0	0.0	6170.0	6.19	5089.0	5.11	444.0	0.45	0.0	0.0	0.0	0.0	0.0	0.0	2561	2.57
S_31_0_S115949	100139	18080.0	18.05	94330.0	94.19999999999999	40641.0	40.58	260.0	0.26	185.0	0.18	99.0	0.09	159.0	0.16	0.0	0.0	7638.0	7.63	5455.0	5.45	215.0	0.21	0.0	0.0	0.0	0.0	0.0	0.0	2843	2.84
S_32_0_S115948	100148	27863.0	27.82	92908.0	92.75999999999999	48350.0	48.28	305.0	0.3	186.0	0.19	156.0	0.16	238.0	0.24	0.0	0.0	17694.0	17.67	4569.0	4.56	137.0	0.14	0.0	0.0	1.0	0.0	0.0	0.0	3114	3.11
S_33_0_S115951	99446	23685.0	23.82	92884.0	93.4	44885.0	45.14	268.0	0.27	162.0	0.16999999999999998	169.0	0.17	193.0	0.19999999999999998	0.0	0.0	13699.0	13.78	4312.0	4.33	157.0	0.16	0.0	0.0	0.0	0.0	0.0	0.0	2913	2.93
S_34_0_S106463	99695	15106.0	15.16	93223.0	93.5	37726.0	37.84	230.0	0.22999999999999998	169.0	0.17	94.0	0.09	155.0	0.16	0.0	0.0	4966.0	4.98	6070.0	6.09	112.0	0.11	0.0	0.0	0.0	0.0	0.0	0.0	4745	4.76
S_34_0_S115950	99967	9778.0	9.79	96415.0	96.45	33246.0	33.260000000000005	282.0	0.28	169.0	0.17	93.0	0.09	160.0	0.16	0.0	0.0	415.0	0.42000000000000004	6365.0	6.37	480.0	0.48	0.0	0.0	1.0	0.0	1.0	0.0	2149	2.15
S_35_0_S106466	100850	16570.0	16.43	94130.0	93.33000000000001	39231.0	38.9	246.0	0.25	192.0	0.19	107.0	0.11	175.0	0.16999999999999998	0.0	0.0	5820.0	5.7700000000000005	5619.0	5.57	157.0	0.16	0.0	0.0	1.0	0.0	1.0	0.0	4548	4.51
S_35_0_S115953	99935	10153.0	10.16	96583.0	96.66	34065.0	34.09	296.0	0.3	187.0	0.19	106.0	0.11	170.0	0.17	0.0	0.0	876.0	0.8800000000000001	5713.0	5.720000000000001	361.0	0.36	0.0	0.0	1.0	0.0	0.0	0.0	2238	2.24
S_36_0_S106465	100456	18593.0	18.52	92740.0	92.32000000000001	40593.0	40.41	384.0	0.39	228.0	0.22000000000000003	203.0	0.2	322.0	0.32	0.0	0.0	8525.0	8.48	6853.0	6.819999999999999	196.0	0.2	0.0	0.0	1.0	0.0	1.0	0.0	4761	4.74
S_36_0_S115952	99826	11762.0	11.780000000000001	95997.0	96.17000000000002	35297.0	35.37	289.0	0.29000000000000004	179.0	0.18	118.0	0.12	178.0	0.18	0.0	0.0	1741.0	1.7400000000000002	4347.0	4.359999999999999	137.0	0.14	0.0	0.0	0.0	0.0	0.0	0.0	2315	2.32
S_37_0_S106468	99890	13722.0	13.73	93436.0	93.53999999999999	37549.0	37.59	226.0	0.23	128.0	0.13	83.0	0.09	130.0	0.13	0.0	0.0	3355.0	3.3600000000000003	4977.0	4.98	748.0	0.75	0.0	0.0	2.0	0.0	2.0	0.0	4185	4.19
S_37_0_S115955	99519	10863.0	10.91	95733.0	96.20000000000002	35375.0	35.55	256.0	0.26	152.0	0.15	96.0	0.09999999999999999	145.0	0.15	0.0	0.0	946.0	0.95	4612.0	4.63	861.0	0.87	0.0	0.0	0.0	0.0	0.0	0.0	2000	2.01
S_38_0_S106467	99554	16168.0	16.24	92747.0	93.17	39323.0	39.49	266.0	0.26	158.0	0.15	99.0	0.09999999999999999	197.0	0.19	0.0	0.0	6295.0	6.33	4789.0	4.8100000000000005	77.0	0.08	0.0	0.0	1.0	0.0	0.0	0.0	4987	5.01
S_38_0_S115954	99761	12884.0	12.91	95323.0	95.55000000000001	38739.0	38.83	292.0	0.29000000000000004	192.0	0.19	112.0	0.12	188.0	0.19	0.0	0.0	2083.0	2.09	5814.0	5.83	380.0	0.38	0.0	0.0	0.0	0.0	0.0	0.0	2623	2.63
S_39_0_S106470	100750	10971.0	10.89	95016.0	94.31	35958.0	35.68	267.0	0.27	178.0	0.18	96.0	0.09	161.0	0.15	0.0	0.0	962.0	0.95	5277.0	5.24	169.0	0.17	0.0	0.0	0.0	0.0	0.0	0.0	4926	4.89
S_39_0_S115957	99744	17751.0	17.79	93205.0	93.45	38783.0	38.879999999999995	276.0	0.28	204.0	0.2	109.0	0.11	184.0	0.19	0.0	0.0	6616.0	6.630000000000001	5500.0	5.510000000000001	182.0	0.18	0.0	0.0	0.0	0.0	0.0	0.0	3032	3.04
S_3_0_S115921	100115	11610.0	11.59	96202.0	96.1	37119.0	37.08	306.0	0.3	206.0	0.21	114.0	0.11	190.0	0.19	0.0	0.0	1063.0	1.06	6566.0	6.56	177.0	0.18	0.0	0.0	1.0	0.0	1.0	0.0	2502	2.5
S_40_0_S106469	99219	15682.0	15.81	93358.0	94.1	38402.0	38.71	262.0	0.26	182.0	0.18	104.0	0.1	205.0	0.21000000000000002	0.0	0.0	5856.0	5.8999999999999995	5774.0	5.819999999999999	137.0	0.14	0.0	0.0	3.0	0.0	1.0	0.0	4157	4.19
S_40_0_S115956	99590	11241.0	11.29	96202.0	96.6	35560.0	35.72	341.0	0.34	212.0	0.21	131.0	0.13	203.0	0.19999999999999998	0.0	0.0	1264.0	1.27	4707.0	4.72	396.0	0.4	0.0	0.0	0.0	0.0	0.0	0.0	2161	2.17
S_41_0_S106472	100846	14494.0	14.38	94499.0	93.7	37904.0	37.59	306.0	0.3	215.0	0.21	117.0	0.11	213.0	0.21	0.0	0.0	4858.0	4.81	6427.0	6.38	187.0	0.19	0.0	0.0	2.0	0.0	0.0	0.0	5102	5.06
S_42_0_S106471	99689	15668.0	15.719999999999999	92702.0	92.99	38538.0	38.65	204.0	0.21	152.0	0.15	79.0	0.08	151.0	0.16	0.0	0.0	5967.0	5.989999999999999	5899.0	5.92	142.0	0.14	0.0	0.0	1.0	0.0	0.0	0.0	5303	5.32
S_43_0_S106474	100080	14945.0	14.93	94107.0	94.03	38458.0	38.43	237.0	0.23	158.0	0.15	82.0	0.08	165.0	0.16	1.0	0.0	5199.0	5.1899999999999995	6289.0	6.28	187.0	0.19	0.0	0.0	2.0	0.0	1.0	0.0	4433	4.43
S_44_0_S106473	99479	18307.0	18.4	92044.0	92.52	40643.0	40.86	271.0	0.27	177.0	0.18	114.0	0.12	201.0	0.21000000000000002	0.0	0.0	9008.0	9.059999999999999	6933.0	6.970000000000001	93.0	0.09	0.0	0.0	1.0	0.0	1.0	0.0	5540	5.57
S_45_0_S106476	100056	13727.0	13.73	94672.0	94.62	37347.0	37.34	261.0	0.26	174.0	0.17	100.0	0.09999999999999999	186.0	0.18	0.0	0.0	3978.0	3.98	6746.0	6.75	144.0	0.14	0.0	0.0	0.0	0.0	0.0	0.0	4262	4.26
S_46_0_S106475	99204	12786.0	12.88	93322.0	94.06	34839.0	35.120000000000005	234.0	0.24	167.0	0.17	86.0	0.09	151.0	0.15	1.0	0.0	3248.0	3.27	7081.0	7.14	121.0	0.12	0.0	0.0	5.0	0.0	1.0	0.0	4801	4.84
S_47_0_S106478	99842	12758.0	12.780000000000001	94206.0	94.35000000000001	35408.0	35.47	288.0	0.29	190.0	0.2	115.0	0.12	187.0	0.19	0.0	0.0	3015.0	3.0199999999999996	5858.0	5.87	141.0	0.14	0.0	0.0	2.0	0.0	1.0	0.0	4542	4.55
S_48_0_S106477	99657	17376.0	17.44	92008.0	92.32000000000001	38675.0	38.8	247.0	0.25	137.0	0.13	97.0	0.09999999999999999	170.0	0.18	0.0	0.0	6839.0	6.859999999999999	7294.0	7.319999999999999	134.0	0.13	0.0	0.0	0.0	0.0	0.0	0.0	4524	4.54
S_49_0_S106480	100402	15174.0	15.120000000000001	94211.0	93.83	37538.0	37.39	261.0	0.26	172.0	0.16999999999999998	116.0	0.12	190.0	0.19	0.0	0.0	5347.0	5.32	7050.0	7.0200000000000005	195.0	0.19	0.0	0.0	2.0	0.0	2.0	0.0	4528	4.51
S_4_0_S106446	100052	16487.0	16.48	93846.0	93.80000000000001	38870.0	38.85	267.0	0.26	195.0	0.19	98.0	0.09999999999999999	190.0	0.19	0.0	0.0	6041.0	6.04	6388.0	6.39	97.0	0.1	0.0	0.0	1.0	0.0	0.0	0.0	4342	4.34
S_4_0_S115920	100504	19042.0	18.939999999999998	94666.0	94.19	42194.0	41.98	278.0	0.28	169.0	0.17	132.0	0.13	178.0	0.18	0.0	0.0	8654.0	8.61	6063.0	6.04	537.0	0.53	0.0	0.0	0.0	0.0	0.0	0.0	2613	2.6
S_50_0_S106479	100488	14416.0	14.35	94454.0	94.0	37476.0	37.29	246.0	0.25	159.0	0.16	94.0	0.09	165.0	0.16	0.0	0.0	4676.0	4.65	6015.0	5.99	157.0	0.16	0.0	0.0	1.0	0.0	0.0	0.0	4622	4.6
S_51_0_S106482	99145	14033.0	14.16	92651.0	93.46000000000001	36884.0	37.21	210.0	0.21	136.0	0.14	87.0	0.09	141.0	0.13999999999999999	0.0	0.0	4384.0	4.42	6064.0	6.11	140.0	0.14	0.0	0.0	1.0	0.0	0.0	0.0	5076	5.12
S_52_0_S106481	99688	15363.0	15.420000000000002	93549.0	93.83999999999999	37770.0	37.9	215.0	0.22	146.0	0.14	79.0	0.08	150.0	0.15	0.0	0.0	5517.0	5.53	5379.0	5.39	324.0	0.33	0.0	0.0	2.0	0.0	1.0	0.0	4336	4.35
S_53_0_S106484	100314	13628.0	13.59	94362.0	94.07000000000001	36616.0	36.5	258.0	0.26	172.0	0.17	93.0	0.09999999999999999	151.0	0.15	0.0	0.0	4074.0	4.0600000000000005	6557.0	6.53	207.0	0.21	0.0	0.0	1.0	0.0	1.0	0.0	4594	4.58
S_54_0_S106483	99373	13498.0	13.59	92932.0	93.50999999999999	36662.0	36.89	221.0	0.22000000000000003	160.0	0.16	92.0	0.09	148.0	0.15	1.0	0.0	4171.0	4.2	5674.0	5.71	145.0	0.15	0.0	0.0	2.0	0.0	0.0	0.0	5127	5.16
S_55_0_S106486	99092	11953.0	12.07	94007.0	94.86	35295.0	35.61	228.0	0.22999999999999998	160.0	0.17	83.0	0.08	153.0	0.15	0.0	0.0	2367.0	2.38	6573.0	6.630000000000001	154.0	0.16	0.0	0.0	4.0	0.0	4.0	0.0	4102	4.14
S_56_0_S106485	100416	16054.0	15.99	93216.0	92.83	38460.0	38.31	262.0	0.26	180.0	0.17	103.0	0.1	184.0	0.18	0.0	0.0	6060.0	6.029999999999999	5869.0	5.84	112.0	0.11	0.0	0.0	1.0	0.0	0.0	0.0	4639	4.62
S_57_0_S106488	99347	14133.0	14.23	92972.0	93.58	37111.0	37.35	248.0	0.25	164.0	0.16	101.0	0.11	173.0	0.18	0.0	0.0	4772.0	4.81	6145.0	6.18	168.0	0.17	0.0	0.0	1.0	0.0	1.0	0.0	5007	5.04
S_58_0_S106487	100550	15706.0	15.61	93031.0	92.52	37916.0	37.699999999999996	253.0	0.25	165.0	0.16	95.0	0.09999999999999999	172.0	0.16999999999999998	0.0	0.0	6013.0	5.9799999999999995	5713.0	5.68	152.0	0.15	0.0	0.0	4.0	0.0	2.0	0.0	5580	5.55
S_59_0_S106490	99155	15063.0	15.18	92563.0	93.36	36852.0	37.17	243.0	0.25	168.0	0.16999999999999998	97.0	0.09999999999999999	174.0	0.18	0.0	0.0	5242.0	5.29	5928.0	5.97	114.0	0.11	0.0	0.0	0.0	0.0	0.0	0.0	4660	4.7
S_5_0_S106448	99751	13838.0	13.86	93755.0	93.99000000000001	36657.0	36.74	278.0	0.28	169.0	0.17	98.0	0.09999999999999999	180.0	0.18	0.0	0.0	3953.0	3.96	7211.0	7.22	186.0	0.19	0.0	0.0	0.0	0.0	0.0	0.0	4748	4.76
S_5_0_S115923	99621	15440.0	15.5	93513.0	93.88	38066.0	38.21	265.0	0.26	181.0	0.18	92.0	0.09999999999999999	156.0	0.16	0.0	0.0	2965.0	2.98	7019.0	7.04	153.0	0.15	0.0	0.0	0.0	0.0	0.0	0.0	2649	2.66
S_60_0_S106489	99932	17554.0	17.560000000000002	92073.0	92.13	38846.0	38.87	283.0	0.29000000000000004	187.0	0.19	119.0	0.12	203.0	0.19999999999999998	0.0	0.0	8396.0	8.4	6703.0	6.7	154.0	0.15	0.0	0.0	2.0	0.0	2.0	0.0	5935	5.94
S_61_0_S106492	100229	13374.0	13.34	93729.0	93.52	36399.0	36.31	250.0	0.25	157.0	0.16	92.0	0.09999999999999999	171.0	0.16999999999999998	0.0	0.0	3470.0	3.46	6418.0	6.4	70.0	0.07	0.0	0.0	3.0	0.0	1.0	0.0	4740	4.73
S_62_0_S106491	99296	13150.0	13.25	93161.0	93.83	36493.0	36.75	233.0	0.23	157.0	0.15	93.0	0.09999999999999999	174.0	0.18	0.0	0.0	3144.0	3.17	4888.0	4.92	240.0	0.24	0.0	0.0	7.0	0.01	6.0	0.0	4676	4.71
S_63_0_S106494	99237	11964.0	12.05	93351.0	94.07	35728.0	35.99	273.0	0.27	183.0	0.18	92.0	0.09	171.0	0.16999999999999998	0.0	0.0	2494.0	2.51	5769.0	5.81	138.0	0.14	0.0	0.0	1.0	0.0	0.0	0.0	4723	4.76
S_64_0_S106493	99857	13684.0	13.7	94046.0	94.19	36492.0	36.54	288.0	0.29000000000000004	179.0	0.18	108.0	0.11	181.0	0.19	0.0	0.0	4162.0	4.17	5966.0	5.97	168.0	0.17	0.0	0.0	1.0	0.0	1.0	0.0	4423	4.43
S_65_0_S106496	99859	13754.0	13.77	94034.0	94.16	36578.0	36.629999999999995	234.0	0.23	150.0	0.15	97.0	0.09999999999999999	165.0	0.16	0.0	0.0	4204.0	4.21	5755.0	5.76	317.0	0.32	0.0	0.0	3.0	0.0	3.0	0.0	4503	4.51
S_66_0_S106495	99708	15065.0	15.11	92966.0	93.24	37213.0	37.32	237.0	0.23	150.0	0.15	87.0	0.09	164.0	0.16	0.0	0.0	5401.0	5.42	6222.0	6.24	111.0	0.11	0.0	0.0	1.0	0.0	0.0	0.0	5224	5.24
S_67_0_S106498	99784	13553.0	13.59	94111.0	94.32000000000002	36271.0	36.35	249.0	0.25	164.0	0.16	90.0	0.09	166.0	0.16	0.0	0.0	3977.0	3.9899999999999998	6698.0	6.71	112.0	0.11	0.0	0.0	1.0	0.0	1.0	0.0	4350	4.36
S_68_0_S106497	99198	12518.0	12.620000000000001	93613.0	94.37	35820.0	36.12	216.0	0.22	147.0	0.15	88.0	0.09	152.0	0.16	0.0	0.0	3312.0	3.34	6839.0	6.9	182.0	0.18	0.0	0.0	1.0	0.0	0.0	0.0	4453	4.49
S_69_0_S106500	100341	11716.0	11.67	94091.0	93.77	35223.0	35.11	245.0	0.25	162.0	0.16	94.0	0.09999999999999999	175.0	0.16999999999999998	0.0	0.0	2382.0	2.37	8809.0	8.78	137.0	0.14	0.0	0.0	1.0	0.0	1.0	0.0	5017	5.0
S_6_0_S106447	100944	14628.0	14.48	94706.0	93.82000000000001	37996.0	37.629999999999995	235.0	0.23	145.0	0.14	87.0	0.09	136.0	0.13	0.0	0.0	4751.0	4.7	6261.0	6.21	103.0	0.1	0.0	0.0	1.0	0.0	0.0	0.0	4885	4.84
S_6_0_S115922	99855	13342.0	13.370000000000001	94416.0	94.56	38490.0	38.54	289.0	0.29000000000000004	179.0	0.18	107.0	0.11	161.0	0.16	0.0	0.0	2567.0	2.57	6892.0	6.8999999999999995	1133.0	1.13	0.0	0.0	3.0	0.0	3.0	0.0	2566	2.57
S_70_0_S106499	100827	12092.0	11.99	94412.0	93.64	35623.0	35.33	217.0	0.21	149.0	0.14	66.0	0.06999999999999999	132.0	0.13	0.0	0.0	2151.0	2.13	5647.0	5.6	142.0	0.14	0.0	0.0	1.0	0.0	0.0	0.0	5283	5.24
S_71_0_S106502	99025	11105.0	11.21	93750.0	94.67	34675.0	35.010000000000005	212.0	0.21000000000000002	147.0	0.14	69.0	0.06999999999999999	131.0	0.13999999999999999	0.0	0.0	1270.0	1.28	6052.0	6.109999999999999	113.0	0.11	0.0	0.0	0.0	0.0	0.0	0.0	4495	4.54
S_72_0_S106501	99326	13272.0	13.370000000000001	93155.0	93.78	36550.0	36.8	252.0	0.25	168.0	0.17	86.0	0.09	147.0	0.15	1.0	0.0	2704.0	2.72	5918.0	5.96	83.0	0.08	0.0	0.0	0.0	0.0	0.0	0.0	4280	4.31
S_73_0_S106504	100019	14087.0	14.080000000000002	93108.0	93.08999999999999	36991.0	36.980000000000004	234.0	0.23	156.0	0.15	82.0	0.08	171.0	0.16999999999999998	0.0	0.0	4060.0	4.06	5999.0	6.0	133.0	0.13	0.0	0.0	1.0	0.0	1.0	0.0	5260	5.26
S_74_0_S106503	99893	13858.0	13.87	92884.0	92.97999999999999	37385.0	37.43	232.0	0.24	165.0	0.17	89.0	0.09	148.0	0.15	0.0	0.0	3598.0	3.6	5996.0	6.0	955.0	0.96	0.0	0.0	1.0	0.0	0.0	0.0	4425	4.43
S_75_0_S106506	100997	13210.0	13.080000000000002	94697.0	93.77000000000001	36998.0	36.62	237.0	0.23	151.0	0.15	69.0	0.06	138.0	0.13999999999999999	0.0	0.0	3083.0	3.05	5655.0	5.6	255.0	0.25	0.0	0.0	2.0	0.0	0.0	0.0	4807	4.76
S_76_0_S106505	99178	11475.0	11.57	93999.0	94.77	35159.0	35.45	285.0	0.29000000000000004	182.0	0.18000000000000002	84.0	0.08	153.0	0.15	0.0	0.0	1653.0	1.66	4712.0	4.75	179.0	0.18	0.0	0.0	3.0	0.0	2.0	0.0	4165	4.2
S_77_0_S106508	100942	12551.0	12.43	95091.0	94.2	36985.0	36.64	267.0	0.26	181.0	0.17	97.0	0.09999999999999999	175.0	0.18	0.0	0.0	2334.0	2.31	5981.0	5.93	119.0	0.12	0.0	0.0	1.0	0.0	1.0	0.0	4633	4.59
S_78_0_S106507	99302	12170.0	12.260000000000002	94126.0	94.78	36250.0	36.5	282.0	0.29000000000000004	185.0	0.19	83.0	0.08	172.0	0.18000000000000002	0.0	0.0	1867.0	1.8800000000000001	5521.0	5.56	125.0	0.13	0.0	0.0	2.0	0.0	0.0	0.0	4091	4.12
S_79_0_S106510	100858	12029.0	11.93	95150.0	94.34	35960.0	35.650000000000006	261.0	0.26	168.0	0.16	87.0	0.09	169.0	0.17	0.0	0.0	1760.0	1.75	5635.0	5.58	145.0	0.14	0.0	0.0	0.0	0.0	0.0	0.0	4669	4.63
S_7_0_S106450	99813	13288.0	13.31	94228.0	94.41	36584.0	36.65	237.0	0.23	154.0	0.16	75.0	0.07	163.0	0.16	0.0	0.0	3490.0	3.5	6737.0	6.75	163.0	0.16	0.0	0.0	3.0	0.0	1.0	0.0	4411	4.42
S_7_0_S115925	100452	12741.0	12.68	96790.0	96.36	36485.0	36.32	318.0	0.32	204.0	0.2	125.0	0.13	173.0	0.16999999999999998	1.0	0.0	2361.0	2.35	5516.0	5.489999999999999	138.0	0.14	0.0	0.0	1.0	0.0	0.0	0.0	2159	2.15
S_80_0_S106509	99250	12873.0	12.969999999999999	93595.0	94.3	36387.0	36.66	298.0	0.30000000000000004	199.0	0.2	111.0	0.11	200.0	0.19999999999999998	0.0	0.0	3225.0	3.25	6047.0	6.090000000000001	101.0	0.1	0.0	0.0	1.0	0.0	1.0	0.0	4466	4.5
S_81_0_S106512	99920	12706.0	12.72	94393.0	94.47999999999999	36861.0	36.9	324.0	0.32	232.0	0.24	138.0	0.14	263.0	0.27	0.0	0.0	3016.0	3.0199999999999996	5527.0	5.53	128.0	0.13	0.0	0.0	0.0	0.0	0.0	0.0	4546	4.55
S_82_0_S106511	99430	13617.0	13.69	93657.0	94.18	35890.0	36.1	253.0	0.26	175.0	0.17	84.0	0.08	168.0	0.16999999999999998	0.0	0.0	4033.0	4.05	6258.0	6.29	157.0	0.16	0.0	0.0	3.0	0.0	3.0	0.0	4355	4.38
S_83_0_S106514	99900	13042.0	13.059999999999999	94179.0	94.27	35563.0	35.6	248.0	0.25	160.0	0.16	92.0	0.09	154.0	0.16	0.0	0.0	3182.0	3.1900000000000004	6265.0	6.2700000000000005	66.0	0.07	0.0	0.0	0.0	0.0	0.0	0.0	4495	4.5
S_84_0_S106513	100883	13371.0	13.25	94843.0	94.02	35758.0	35.45	218.0	0.21000000000000002	151.0	0.15	84.0	0.08	158.0	0.16	0.0	0.0	3702.0	3.67	6631.0	6.569999999999999	166.0	0.16	0.0	0.0	1.0	0.0	1.0	0.0	4680	4.64
S_85_0_S106516	100293	13861.0	13.82	93498.0	93.22	36431.0	36.32	223.0	0.22	139.0	0.14	75.0	0.07	158.0	0.15	0.0	0.0	4375.0	4.36	6228.0	6.21	144.0	0.14	0.0	0.0	1.0	0.0	0.0	0.0	5335	5.32
S_86_0_S106515	100714	12394.0	12.309999999999999	95157.0	94.48	35465.0	35.21	245.0	0.24	162.0	0.16	93.0	0.09	172.0	0.16999999999999998	0.0	0.0	2555.0	2.54	6827.0	6.779999999999999	91.0	0.09	0.0	0.0	0.0	0.0	0.0	0.0	4381	4.35
S_87_0_S106518	99980	12152.0	12.15	94108.0	94.12	35437.0	35.44	273.0	0.27	199.0	0.2	105.0	0.11	221.0	0.22	0.0	0.0	2709.0	2.71	6296.0	6.3	144.0	0.14	0.0	0.0	1.0	0.0	1.0	0.0	4819	4.82
S_88_0_S106517	99166	12285.0	12.39	93635.0	94.40999999999998	35384.0	35.67	271.0	0.27	188.0	0.19	93.0	0.09	178.0	0.18	0.0	0.0	2902.0	2.92	6334.0	6.39	149.0	0.15	0.0	0.0	2.0	0.0	0.0	0.0	4521	4.56
S_89_0_S106520	100063	13273.0	13.27	94853.0	94.8	36783.0	36.77	334.0	0.32999999999999996	221.0	0.22000000000000003	134.0	0.13999999999999999	237.0	0.23	0.0	0.0	4016.0	4.02	6094.0	6.09	75.0	0.07	0.0	0.0	1.0	0.0	0.0	0.0	4302	4.3
S_8_0_S106449	99226	14861.0	14.969999999999999	92939.0	93.66000000000001	37720.0	38.02	202.0	0.21	131.0	0.13	75.0	0.08	145.0	0.13999999999999999	0.0	0.0	4750.0	4.78	6663.0	6.72	102.0	0.1	0.0	0.0	1.0	0.0	0.0	0.0	4653	4.69
S_8_0_S115924	99778	16298.0	16.33	94322.0	94.52000000000001	40526.0	40.62	303.0	0.30000000000000004	212.0	0.21	116.0	0.12	205.0	0.21	0.0	0.0	4781.0	4.79	6128.0	6.14	344.0	0.34	0.0	0.0	1.0	0.0	0.0	0.0	2783	2.79
S_90_0_S106519	101058	11230.0	11.11	95482.0	94.49	35205.0	34.84	318.0	0.31	210.0	0.21000000000000002	95.0	0.09999999999999999	204.0	0.2	0.0	0.0	1534.0	1.52	5224.0	5.17	253.0	0.25	0.0	0.0	3.0	0.0	1.0	0.0	4436	4.39
S_91_0_S106522	99022	11469.0	11.580000000000002	93397.0	94.31	35114.0	35.46	278.0	0.28	184.0	0.18000000000000002	98.0	0.09999999999999999	198.0	0.19999999999999998	0.0	0.0	1891.0	1.91	5808.0	5.86	592.0	0.6	0.0	0.0	1.0	0.0	1.0	0.0	4119	4.16
S_92_0_S106521	100388	12523.0	12.48	94349.0	93.98000000000002	36178.0	36.050000000000004	264.0	0.26	181.0	0.18	85.0	0.09	186.0	0.19	0.0	0.0	1979.0	1.97	5276.0	5.26	331.0	0.33	0.0	0.0	0.0	0.0	0.0	0.0	4236	4.22
S_93_0_S106524	99847	11062.0	11.08	93408.0	93.56	35095.0	35.15	281.0	0.28	174.0	0.17	106.0	0.11	205.0	0.2	0.0	0.0	1354.0	1.35	5908.0	5.91	302.0	0.3	0.0	0.0	6.0	0.0	3.0	0.0	5062	5.07
S_94_0_S106523	100339	10771.0	10.73	94666.0	94.34	33985.0	33.86	262.0	0.26	170.0	0.17	72.0	0.07	149.0	0.13999999999999999	0.0	0.0	920.0	0.92	6362.0	6.34	120.0	0.12	0.0	0.0	0.0	0.0	0.0	0.0	4736	4.72
S_95_0_S106526	99243	10614.0	10.7	92981.0	93.69	33484.0	33.739999999999995	273.0	0.27	165.0	0.17	92.0	0.09	172.0	0.17	0.0	0.0	920.0	0.9299999999999999	6014.0	6.0600000000000005	152.0	0.15	0.0	0.0	2.0	0.0	1.0	0.0	5240	5.28
S_96_0_S106525	99343	12319.0	12.39	93163.0	93.78	34922.0	35.14	257.0	0.26	176.0	0.17	91.0	0.09	181.0	0.19	0.0	0.0	1900.0	1.92	5535.0	5.57	357.0	0.36	0.0	0.0	1.0	0.0	0.0	0.0	4301	4.33
S_97_0_S106528	100641	12738.0	12.66	94345.0	93.75	36089.0	35.86	288.0	0.29	182.0	0.18000000000000002	97.0	0.09999999999999999	179.0	0.16999999999999998	0.0	0.0	1914.0	1.9	5166.0	5.13	101.0	0.1	0.0	0.0	2.0	0.0	0.0	0.0	4548	4.52
S_98_0_S106527	99888	11981.0	11.99	93888.0	93.99000000000001	34998.0	35.03	270.0	0.27	171.0	0.17	92.0	0.09	198.0	0.2	0.0	0.0	1649.0	1.65	6448.0	6.449999999999999	115.0	0.12	0.0	0.0	2.0	0.0	0.0	0.0	4455	4.46
S_99_0_S106530	99256	11889.0	11.98	93827.0	94.53000000000002	35051.0	35.32	266.0	0.26	168.0	0.16	80.0	0.08	160.0	0.16	0.0	0.0	1862.0	1.87	5605.0	5.65	291.0	0.29	0.0	0.0	0.0	0.0	0.0	0.0	4119	4.15
S_9_0_S106452	100335	12985.0	12.94	94698.0	94.38000000000001	36349.0	36.230000000000004	242.0	0.24000000000000002	147.0	0.14	77.0	0.07	142.0	0.13999999999999999	0.0	0.0	2919.0	2.91	6718.0	6.7	280.0	0.28	0.0	0.0	1.0	0.0	0.0	0.0	4264	4.25
S_9_0_S115927	99903	10388.0	10.41	95954.0	96.05	35154.0	35.18	258.0	0.26	152.0	0.15	74.0	0.08	142.0	0.14	0.0	0.0	491.0	0.5	6357.0	6.36	308.0	0.31	0.0	0.0	1.0	0.0	1.0	0.0	2537	2.54
