Sample	bam_file	reads_aligned	total_alignments	non_unique_alignments	reads_aligned_genes	ambiguous_alignments	not_aligned	5_3_bias	reads_aligned_exonic	reads_aligned_intronic	reads_aligned_intergenic	reads_aligned_overlapping_exon
R10_S123915	data_processed/star_aligned_dup_marked/R10_S123915_star_aligned_dupMarked.bam	12506627.0	18539459.0	8458879.0	8300676.0	321712.0	294419.0	0.78	8300676.0	762149.0	686465.0	893619.0
R11_S123918	data_processed/star_aligned_dup_marked/R11_S123918_star_aligned_dupMarked.bam	15909592.0	23555544.0	10762904.0	10468344.0	389258.0	548584.0	0.59	10468344.0	953799.0	968659.0	1082145.0
R12_S123917	data_processed/star_aligned_dup_marked/R12_S123917_star_aligned_dupMarked.bam	10320398.0	15189198.0	6862422.0	6838482.0	261769.0	368709.0	0.62	6838482.0	594795.0	624287.0	702362.0
R13_S123920	data_processed/star_aligned_dup_marked/R13_S123920_star_aligned_dupMarked.bam	9816597.0	14460439.0	6510744.0	6345079.0	242599.0	267012.0	0.76	6345079.0	725635.0	629315.0	664547.0
R14_S123919	data_processed/star_aligned_dup_marked/R14_S123919_star_aligned_dupMarked.bam	9860164.0	14747529.0	6780514.0	6306502.0	243619.0	336271.0	0.31	6306502.0	724986.0	685141.0	685293.0
R15_S123922	data_processed/star_aligned_dup_marked/R15_S123922_star_aligned_dupMarked.bam	8399983.0	12452079.0	5644769.0	5447106.0	201416.0	247522.0	0.72	5447106.0	638686.0	513989.0	566134.0
R16_S123921	data_processed/star_aligned_dup_marked/R16_S123921_star_aligned_dupMarked.bam	11213974.0	16765322.0	7725847.0	7314237.0	285709.0	316225.0	0.7	7314237.0	767454.0	663507.0	776940.0
R17_S123924	data_processed/star_aligned_dup_marked/R17_S123924_star_aligned_dupMarked.bam	11976116.0	18049160.0	8379560.0	7698986.0	292685.0	433784.0	0.68	7698986.0	877853.0	791243.0	827433.0
R18_S123923	data_processed/star_aligned_dup_marked/R18_S123923_star_aligned_dupMarked.bam	12171970.0	18308598.0	8467071.0	7634308.0	282864.0	321712.0	0.75	7634308.0	1087998.0	827507.0	825921.0
R19_S123890	data_processed/star_aligned_dup_marked/R19_S123890_star_aligned_dupMarked.bam	13870166.0	20302024.0	9025121.0	9208301.0	362807.0	347773.0	0.65	9208301.0	956867.0	738810.0	976840.0
R1_S123908	data_processed/star_aligned_dup_marked/R1_S123908_star_aligned_dupMarked.bam	15070741.0	22406237.0	10160234.0	9938262.0	382549.0	498741.0	0.35	9938262.0	1071952.0	842720.0	1073917.0
R20_S123889	data_processed/star_aligned_dup_marked/R20_S123889_star_aligned_dupMarked.bam	10252900.0	15181659.0	6875396.0	6788491.0	266428.0	255575.0	0.58	6788491.0	706679.0	537013.0	745968.0
R21_S123892	data_processed/star_aligned_dup_marked/R21_S123892_star_aligned_dupMarked.bam	13430492.0	19660290.0	8732868.0	8933259.0	350638.0	281972.0	0.42	8933259.0	891350.0	741809.0	945790.0
R22_S123891	data_processed/star_aligned_dup_marked/R22_S123891_star_aligned_dupMarked.bam	11565385.0	17155387.0	7734211.0	7620024.0	290713.0	272543.0	0.69	7620024.0	816728.0	685885.0	797836.0
R23_S123894	data_processed/star_aligned_dup_marked/R23_S123894_star_aligned_dupMarked.bam	12074060.0	17885941.0	8052924.0	8134708.0	338717.0	401141.0	0.71	8134708.0	795154.0	555680.0	891298.0
R24_S123893	data_processed/star_aligned_dup_marked/R24_S123893_star_aligned_dupMarked.bam	21583522.0	32200647.0	14678999.0	14278744.0	575562.0	595417.0	0.64	14278744.0	1521924.0	1129726.0	1582604.0
R25_S123896	data_processed/star_aligned_dup_marked/R25_S123896_star_aligned_dupMarked.bam	9738694.0	14484535.0	6588300.0	6361532.0	250183.0	257648.0	0.46	6361532.0	718804.0	558657.0	693335.0
R26_S123895	data_processed/star_aligned_dup_marked/R26_S123895_star_aligned_dupMarked.bam	9874417.0	14605203.0	6588388.0	6479463.0	255277.0	269945.0	0.55	6479463.0	740163.0	534958.0	707179.0
R27_S123898	data_processed/star_aligned_dup_marked/R27_S123898_star_aligned_dupMarked.bam	6846919.0	10300039.0	4801029.0	4507467.0	189418.0	258851.0	0.59	4507467.0	489623.0	307573.0	509817.0
R28_S123897	data_processed/star_aligned_dup_marked/R28_S123897_star_aligned_dupMarked.bam	9871980.0	14861018.0	6895567.0	6497184.0	255242.0	232575.0	0.59	6497184.0	624765.0	580686.0	694398.0
R29_S123900	data_processed/star_aligned_dup_marked/R29_S123900_star_aligned_dupMarked.bam	7385676.0	11128407.0	5176455.0	4863412.0	202940.0	197241.0	0.81	4863412.0	508527.0	371144.0	546493.0
R2_S123907	data_processed/star_aligned_dup_marked/R2_S123907_star_aligned_dupMarked.bam	12317255.0	18054263.0	8001697.0	8178334.0	303918.0	384456.0	0.63	8178334.0	815223.0	746664.0	835082.0
R30_S123899	data_processed/star_aligned_dup_marked/R30_S123899_star_aligned_dupMarked.bam	11588848.0	17449538.0	8100637.0	7615551.0	296326.0	258092.0	0.7	7615551.0	775072.0	652423.0	823114.0
R31_S123902	data_processed/star_aligned_dup_marked/R31_S123902_star_aligned_dupMarked.bam	12735006.0	19176037.0	8886250.0	8172681.0	312033.0	382829.0	0.5	8172681.0	1085822.0	709283.0	891820.0
R32_S123901	data_processed/star_aligned_dup_marked/R32_S123901_star_aligned_dupMarked.bam	11195282.0	16825881.0	7780261.0	7265302.0	285368.0	280597.0	0.45	7265302.0	832404.0	654138.0	800157.0
R33_S123904	data_processed/star_aligned_dup_marked/R33_S123904_star_aligned_dupMarked.bam	9287897.0	13951268.0	6473512.0	5900601.0	236265.0	192221.0	0.66	5900601.0	741162.0	592702.0	672370.0
R34_S123903	data_processed/star_aligned_dup_marked/R34_S123903_star_aligned_dupMarked.bam	12727318.0	19379423.0	9152734.0	8211100.0	332812.0	245934.0	0.4	8211100.0	882544.0	789181.0	942075.0
R35_S123906	data_processed/star_aligned_dup_marked/R35_S123906_star_aligned_dupMarked.bam	13368599.0	20288549.0	9512881.0	8819657.0	366370.0	286934.0	0.78	8819657.0	856306.0	722125.0	997971.0
R36_S123905	data_processed/star_aligned_dup_marked/R36_S123905_star_aligned_dupMarked.bam	10880007.0	16460826.0	7722692.0	7101486.0	289739.0	257587.0	0.77	7101486.0	697725.0	640129.0	779477.0
R3_S123910	data_processed/star_aligned_dup_marked/R3_S123910_star_aligned_dupMarked.bam	12721121.0	18806933.0	8469484.0	8415199.0	324528.0	357908.0	0.56	8415199.0	876335.0	712006.0	889682.0
R4_S123909	data_processed/star_aligned_dup_marked/R4_S123909_star_aligned_dupMarked.bam	9939356.0	14797914.0	6732938.0	6565376.0	244962.0	248377.0	0.72	6565376.0	664845.0	582654.0	678869.0
R5_S123912	data_processed/star_aligned_dup_marked/R5_S123912_star_aligned_dupMarked.bam	9598886.0	14411066.0	6655662.0	6345114.0	252216.0	318019.0	0.78	6345114.0	634141.0	516245.0	688853.0
R6_S123911	data_processed/star_aligned_dup_marked/R6_S123911_star_aligned_dupMarked.bam	11663863.0	17193807.0	7684360.0	7810462.0	299285.0	271179.0	0.74	7810462.0	722316.0	669208.0	794151.0
R7_S123914	data_processed/star_aligned_dup_marked/R7_S123914_star_aligned_dupMarked.bam	7390352.0	10807740.0	4795477.0	4932324.0	187296.0	214897.0	0.67	4932324.0	498879.0	388762.0	518889.0
R8_S123913	data_processed/star_aligned_dup_marked/R8_S123913_star_aligned_dupMarked.bam	18186625.0	26348759.0	11516848.0	12080741.0	462131.0	411907.0	0.64	12080741.0	1257372.0	1020166.0	1258161.0
R9_S123916	data_processed/star_aligned_dup_marked/R9_S123916_star_aligned_dupMarked.bam	17319584.0	25597606.0	11576397.0	11442703.0	445082.0	468108.0	0.64	11442703.0	1156467.0	963968.0	1237379.0
S_100_0_S106529	data_processed/star_aligned_dup_marked/S_100_0_S106529_star_aligned_dupMarked.bam	4421208.0	8992113.0	5996621.0	2562413.0	116827.0	115661.0	0.3	2562413.0	210686.0	96157.0	103071.0
S_101_0_S106532	data_processed/star_aligned_dup_marked/S_101_0_S106532_star_aligned_dupMarked.bam	4146531.0	8403564.0	5580500.0	2401119.0	109974.0	113137.0	0.26	2401119.0	211563.0	92014.0	92308.0
S_102_0_S106531	data_processed/star_aligned_dup_marked/S_102_0_S106531_star_aligned_dupMarked.bam	5309156.0	10923871.0	7347838.0	3015045.0	142152.0	158246.0	0.25	3015045.0	276223.0	131830.0	121553.0
S_103_0_S106534	data_processed/star_aligned_dup_marked/S_103_0_S106534_star_aligned_dupMarked.bam	4934461.0	10161771.0	6837757.0	2795444.0	130892.0	130758.0	0.2	2795444.0	271387.0	116011.0	115049.0
S_104_0_S106533	data_processed/star_aligned_dup_marked/S_104_0_S106533_star_aligned_dupMarked.bam	4870550.0	10056143.0	6787665.0	2739220.0	127130.0	147299.0	0.39	2739220.0	266773.0	124013.0	104377.0
S_106_0_S106536	data_processed/star_aligned_dup_marked/S_106_0_S106536_star_aligned_dupMarked.bam	4346782.0	9087902.0	6206362.0	2400359.0	114621.0	156287.0	0.36	2400359.0	252496.0	104512.0	97958.0
S_107_0_S106535	data_processed/star_aligned_dup_marked/S_107_0_S106535_star_aligned_dupMarked.bam	3561457.0	7563531.0	5221492.0	1904033.0	91106.0	153018.0	0.72	1904033.0	237991.0	100188.0	78274.0
S_108_0_S106538	data_processed/star_aligned_dup_marked/S_108_0_S106538_star_aligned_dupMarked.bam	4504061.0	9431890.0	6442676.0	2502901.0	120527.0	154037.0	0.44	2502901.0	243414.0	112123.0	103509.0
S_109_0_S106537	data_processed/star_aligned_dup_marked/S_109_0_S106537_star_aligned_dupMarked.bam	3423902.0	7239785.0	4985107.0	1893099.0	92792.0	117810.0	0.61	1893099.0	178313.0	82217.0	78492.0
S_10_0_S115926	data_processed/star_aligned_dup_marked/S_10_0_S115926_star_aligned_dupMarked.bam	6769140.0	15414569.0	11185774.0	3529735.0	164954.0	235835.0	0.7	3529735.0	349606.0	168971.0	134958.0
S_11_0_S115929	data_processed/star_aligned_dup_marked/S_11_0_S115929_star_aligned_dupMarked.bam	6986942.0	14434170.0	10149091.0	3470549.0	145108.0	297786.0	0.39	3470549.0	351467.0	306137.0	117259.0
S_12_0_S115928	data_processed/star_aligned_dup_marked/S_12_0_S115928_star_aligned_dupMarked.bam	6603055.0	14809460.0	10724820.0	3350140.0	158756.0	301130.0	0.72	3350140.0	388829.0	173900.0	122981.0
S_13_0_S115931	data_processed/star_aligned_dup_marked/S_13_0_S115931_star_aligned_dupMarked.bam	6722381.0	14309355.0	9933214.0	3628135.0	170654.0	240399.0	0.34	3628135.0	416071.0	149177.0	127459.0
S_14_0_S115930	data_processed/star_aligned_dup_marked/S_14_0_S115930_star_aligned_dupMarked.bam	6984701.0	15651961.0	11142710.0	3738762.0	180730.0	271503.0	0.33	3738762.0	410270.0	168476.0	130594.0
S_15_0_S115933	data_processed/star_aligned_dup_marked/S_15_0_S115933_star_aligned_dupMarked.bam	8203504.0	19003235.0	13980616.0	4319918.0	196741.0	344972.0	0.23	4319918.0	335574.0	160736.0	158185.0
S_16_0_S106451	data_processed/star_aligned_dup_marked/S_16_0_S106451_star_aligned_dupMarked.bam	4755103.0	9779983.0	6617897.0	2674491.0	123705.0	133537.0	0.19	2674491.0	240748.0	112908.0	103664.0
S_16_0_S115932	data_processed/star_aligned_dup_marked/S_16_0_S115932_star_aligned_dupMarked.bam	9154916.0	18634364.0	12779518.0	4730655.0	194987.0	426627.0	0.25	4730655.0	622970.0	290562.0	164702.0
S_17_0_S106454	data_processed/star_aligned_dup_marked/S_17_0_S106454_star_aligned_dupMarked.bam	5336797.0	11230639.0	7724264.0	2979270.0	141855.0	112673.0	0.11	2979270.0	253454.0	119621.0	119227.0
S_17_0_S115935	data_processed/star_aligned_dup_marked/S_17_0_S115935_star_aligned_dupMarked.bam	6429794.0	14446382.0	10329685.0	3443426.0	172116.0	208878.0	0.53	3443426.0	336010.0	148158.0	119612.0
S_18_0_S106453	data_processed/star_aligned_dup_marked/S_18_0_S106453_star_aligned_dupMarked.bam	5053380.0	10298654.0	6911397.0	2871675.0	125807.0	127994.0	0.19	2871675.0	267401.0	112630.0	111186.0
S_18_0_S115934	data_processed/star_aligned_dup_marked/S_18_0_S115934_star_aligned_dupMarked.bam	6321145.0	14050038.0	9956781.0	3300314.0	155864.0	300777.0	0.49	3300314.0	453760.0	169617.0	128905.0
S_19_0_S106456	data_processed/star_aligned_dup_marked/S_19_0_S106456_star_aligned_dupMarked.bam	4838396.0	10194875.0	7048121.0	2690220.0	126896.0	136850.0	0.24	2690220.0	211806.0	105941.0	104422.0
S_19_0_S115937	data_processed/star_aligned_dup_marked/S_19_0_S115937_star_aligned_dupMarked.bam	6093066.0	12217155.0	8258930.0	3091991.0	132373.0	222240.0	0.46	3091991.0	498046.0	225583.0	112012.0
S_1_0_S115919	data_processed/star_aligned_dup_marked/S_1_0_S115919_star_aligned_dupMarked.bam	11002947.0	26248709.0	19641045.0	5756664.0	265191.0	321255.0	0.19	5756664.0	353107.0	219089.0	201895.0
S_20_0_S106455	data_processed/star_aligned_dup_marked/S_20_0_S106455_star_aligned_dupMarked.bam	4603267.0	9585683.0	6564037.0	2581708.0	113997.0	114400.0	0.19	2581708.0	209313.0	106578.0	104979.0
S_20_0_S115936	data_processed/star_aligned_dup_marked/S_20_0_S115936_star_aligned_dupMarked.bam	6709452.0	13195948.0	8815341.0	3493935.0	150186.0	267265.0	0.6	3493935.0	475350.0	251417.0	119175.0
S_21_0_S106458	data_processed/star_aligned_dup_marked/S_21_0_S106458_star_aligned_dupMarked.bam	5293835.0	11005056.0	7522839.0	2988492.0	135686.0	130537.0	0.16	2988492.0	231705.0	114929.0	121572.0
S_21_0_S115939	data_processed/star_aligned_dup_marked/S_21_0_S115939_star_aligned_dupMarked.bam	6535042.0	14299485.0	10021754.0	3453794.0	166037.0	262995.0	0.86	3453794.0	469775.0	175782.0	131553.0
S_22_0_S115938	data_processed/star_aligned_dup_marked/S_22_0_S115938_star_aligned_dupMarked.bam	7401637.0	16654235.0	11967493.0	3791451.0	169497.0	446418.0	0.64	3791451.0	522546.0	195599.0	144227.0
S_23_0_S115941	data_processed/star_aligned_dup_marked/S_23_0_S115941_star_aligned_dupMarked.bam	8239934.0	18528872.0	13269611.0	4281585.0	191838.0	347157.0	0.29	4281585.0	554436.0	222860.0	169544.0
S_24_0_S115940	data_processed/star_aligned_dup_marked/S_24_0_S115940_star_aligned_dupMarked.bam	8836857.0	18265924.0	12239900.0	4483344.0	190909.0	391639.0	0.24	4483344.0	1065287.0	272264.0	188025.0
S_25_0_S106457	data_processed/star_aligned_dup_marked/S_25_0_S106457_star_aligned_dupMarked.bam	4255980.0	8624200.0	5787334.0	2363238.0	106224.0	113341.0	0.37	2363238.0	256917.0	102045.0	95072.0
S_25_0_S115943	data_processed/star_aligned_dup_marked/S_25_0_S115943_star_aligned_dupMarked.bam	5867324.0	13300212.0	9574617.0	3165109.0	150830.0	180831.0	0.68	3165109.0	271947.0	121440.0	108955.0
S_26_0_S106460	data_processed/star_aligned_dup_marked/S_26_0_S106460_star_aligned_dupMarked.bam	4040412.0	8343106.0	5651623.0	2224604.0	97120.0	99162.0	0.22	2224604.0	270929.0	91536.0	94018.0
S_26_0_S115942	data_processed/star_aligned_dup_marked/S_26_0_S115942_star_aligned_dupMarked.bam	7580926.0	15003558.0	10173667.0	3773797.0	149279.0	381118.0	0.54	3773797.0	544516.0	350317.0	142008.0
S_27_0_S106459	data_processed/star_aligned_dup_marked/S_27_0_S106459_star_aligned_dupMarked.bam	4232586.0	8598609.0	5765593.0	2394049.0	109588.0	118373.0	0.17	2394049.0	227613.0	93394.0	93896.0
S_27_0_S115945	data_processed/star_aligned_dup_marked/S_27_0_S115945_star_aligned_dupMarked.bam	6572597.0	14570733.0	10298260.0	3522192.0	167284.0	331236.0	0.66	3522192.0	415595.0	155089.0	127002.0
S_28_0_S106462	data_processed/star_aligned_dup_marked/S_28_0_S106462_star_aligned_dupMarked.bam	5146701.0	10485066.0	7025187.0	2819689.0	128653.0	123583.0	0.38	2819689.0	374204.0	126279.0	113686.0
S_28_0_S115944	data_processed/star_aligned_dup_marked/S_28_0_S115944_star_aligned_dupMarked.bam	6727996.0	14606199.0	10313584.0	3559566.0	166591.0	298088.0	0.48	3559566.0	392362.0	160997.0	125405.0
S_29_0_S106461	data_processed/star_aligned_dup_marked/S_29_0_S106461_star_aligned_dupMarked.bam	4870202.0	9718179.0	6411323.0	2735114.0	119011.0	149742.0	0.24	2735114.0	333711.0	109887.0	112443.0
S_29_0_S115947	data_processed/star_aligned_dup_marked/S_29_0_S115947_star_aligned_dupMarked.bam	7433369.0	14891910.0	10076561.0	3819687.0	161377.0	321407.0	0.3	3819687.0	570705.0	253713.0	133650.0
S_2_0_S115918	data_processed/star_aligned_dup_marked/S_2_0_S115918_star_aligned_dupMarked.bam	9047079.0	21476971.0	16053211.0	4642650.0	209607.0	394148.0	0.49	4642650.0	353673.0	207441.0	183412.0
S_30_0_S106464	data_processed/star_aligned_dup_marked/S_30_0_S106464_star_aligned_dupMarked.bam	4742217.0	9632390.0	6453165.0	2601201.0	112664.0	132452.0	0.33	2601201.0	336892.0	118072.0	108686.0
S_30_0_S115946	data_processed/star_aligned_dup_marked/S_30_0_S115946_star_aligned_dupMarked.bam	7552071.0	15919239.0	11047850.0	3933679.0	179982.0	322529.0	0.49	3933679.0	535236.0	209226.0	139260.0
S_31_0_S115949	data_processed/star_aligned_dup_marked/S_31_0_S115949_star_aligned_dupMarked.bam	7102700.0	14723793.0	10137245.0	3731809.0	163427.0	307628.0	0.38	3731809.0	492826.0	186700.0	136744.0
S_32_0_S115948	data_processed/star_aligned_dup_marked/S_32_0_S115948_star_aligned_dupMarked.bam	8571836.0	17025976.0	11587843.0	4411051.0	169935.0	341388.0	0.43	4411051.0	501796.0	340993.0	157908.0
S_33_0_S115951	data_processed/star_aligned_dup_marked/S_33_0_S115951_star_aligned_dupMarked.bam	7764508.0	15501340.0	10522086.0	4024313.0	170941.0	290683.0	0.4	4024313.0	452142.0	318059.0	144481.0
S_34_0_S106463	data_processed/star_aligned_dup_marked/S_34_0_S106463_star_aligned_dupMarked.bam	4156854.0	8608266.0	5849995.0	2343656.0	105583.0	130042.0	0.25	2343656.0	211024.0	89483.0	96440.0
S_34_0_S115950	data_processed/star_aligned_dup_marked/S_34_0_S115950_star_aligned_dupMarked.bam	7469621.0	16536328.0	11856947.0	3961225.0	183308.0	227876.0	0.33	3961225.0	375354.0	148081.0	152949.0
S_35_0_S106466	data_processed/star_aligned_dup_marked/S_35_0_S106466_star_aligned_dupMarked.bam	3799147.0	7989776.0	5500932.0	2120780.0	97730.0	134006.0	0.25	2120780.0	181724.0	80462.0	84778.0
S_35_0_S115953	data_processed/star_aligned_dup_marked/S_35_0_S115953_star_aligned_dupMarked.bam	7862812.0	17804402.0	12893499.0	4121098.0	189429.0	231997.0	0.66	4121098.0	422816.0	168302.0	161491.0
S_36_0_S106465	data_processed/star_aligned_dup_marked/S_36_0_S106465_star_aligned_dupMarked.bam	4057654.0	8271672.0	5624484.0	2121377.0	96415.0	161510.0	0.38	2121377.0	285167.0	137388.0	84688.0
S_36_0_S115952	data_processed/star_aligned_dup_marked/S_36_0_S115952_star_aligned_dupMarked.bam	8291173.0	18965721.0	13840709.0	4342149.0	193386.0	293891.0	0.39	4342149.0	393821.0	186758.0	160887.0
S_37_0_S106468	data_processed/star_aligned_dup_marked/S_37_0_S106468_star_aligned_dupMarked.bam	4324855.0	9386824.0	6592065.0	2392698.0	114565.0	170199.0	0.31	2392698.0	187228.0	90355.0	95183.0
S_37_0_S115955	data_processed/star_aligned_dup_marked/S_37_0_S115955_star_aligned_dupMarked.bam	7180921.0	17446729.0	13189524.0	3548584.0	160823.0	283023.0	0.76	3548584.0	375205.0	164001.0	133258.0
S_38_0_S106467	data_processed/star_aligned_dup_marked/S_38_0_S106467_star_aligned_dupMarked.bam	5220608.0	11132231.0	7768674.0	2828779.0	133290.0	155317.0	0.19	2828779.0	248829.0	140560.0	115012.0
S_38_0_S115954	data_processed/star_aligned_dup_marked/S_38_0_S115954_star_aligned_dupMarked.bam	6513025.0	14937856.0	10887276.0	3182396.0	145704.0	270775.0	0.68	3182396.0	531665.0	176032.0	116789.0
S_39_0_S106470	data_processed/star_aligned_dup_marked/S_39_0_S106470_star_aligned_dupMarked.bam	4611365.0	10239642.0	7309082.0	2490879.0	125167.0	123926.0	0.28	2490879.0	199652.0	101486.0	104302.0
S_39_0_S115957	data_processed/star_aligned_dup_marked/S_39_0_S115957_star_aligned_dupMarked.bam	7207918.0	14870576.0	10151498.0	3588411.0	154446.0	372628.0	0.48	3588411.0	751172.0	211750.0	138338.0
S_3_0_S115921	data_processed/star_aligned_dup_marked/S_3_0_S115921_star_aligned_dupMarked.bam	7520981.0	17298573.0	12611152.0	3860218.0	186560.0	288026.0	1.04	3860218.0	437438.0	187165.0	137251.0
S_40_0_S106469	data_processed/star_aligned_dup_marked/S_40_0_S106469_star_aligned_dupMarked.bam	4421147.0	9184095.0	6255696.0	2469089.0	109168.0	142942.0	0.2	2469089.0	234890.0	106345.0	102595.0
S_40_0_S115956	data_processed/star_aligned_dup_marked/S_40_0_S115956_star_aligned_dupMarked.bam	7915852.0	18512972.0	13637004.0	3973636.0	178107.0	250548.0	0.86	3973636.0	523198.0	191290.0	159169.0
S_41_0_S106472	data_processed/star_aligned_dup_marked/S_41_0_S106472_star_aligned_dupMarked.bam	5495205.0	11394577.0	7752174.0	3080655.0	136643.0	152212.0	0.16	3080655.0	276982.0	136573.0	129672.0
S_42_0_S106471	data_processed/star_aligned_dup_marked/S_42_0_S106471_star_aligned_dupMarked.bam	4541371.0	9420695.0	6417628.0	2557045.0	114764.0	144051.0	0.27	2557045.0	211951.0	109664.0	107228.0
S_43_0_S106474	data_processed/star_aligned_dup_marked/S_43_0_S106474_star_aligned_dupMarked.bam	4948613.0	10343050.0	7084515.0	2734887.0	120267.0	155482.0	0.23	2734887.0	263308.0	129884.0	113617.0
S_44_0_S106473	data_processed/star_aligned_dup_marked/S_44_0_S106473_star_aligned_dupMarked.bam	4802779.0	10017541.0	6888128.0	2585995.0	101780.0	171200.0	0.23	2585995.0	290396.0	139596.0	116809.0
S_45_0_S106476	data_processed/star_aligned_dup_marked/S_45_0_S106476_star_aligned_dupMarked.bam	5060424.0	10528211.0	7175371.0	2812328.0	126713.0	142516.0	0.19	2812328.0	274193.0	129354.0	114766.0
S_46_0_S106475	data_processed/star_aligned_dup_marked/S_46_0_S106475_star_aligned_dupMarked.bam	5129975.0	10431457.0	6984611.0	2955418.0	132793.0	127881.0	0.27	2955418.0	238033.0	110308.0	117106.0
S_47_0_S106478	data_processed/star_aligned_dup_marked/S_47_0_S106478_star_aligned_dupMarked.bam	5170826.0	10585072.0	7116044.0	2987266.0	136238.0	120830.0	0.12	2987266.0	222093.0	112955.0	118456.0
S_48_0_S106477	data_processed/star_aligned_dup_marked/S_48_0_S106477_star_aligned_dupMarked.bam	4009384.0	7981031.0	5285311.0	2285766.0	96727.0	176240.0	0.19	2285766.0	213017.0	93045.0	86303.0
S_49_0_S106480	data_processed/star_aligned_dup_marked/S_49_0_S106480_star_aligned_dupMarked.bam	4286209.0	8648990.0	5765754.0	2438999.0	104006.0	131482.0	0.1	2438999.0	230358.0	101457.0	96235.0
S_4_0_S106446	data_processed/star_aligned_dup_marked/S_4_0_S106446_star_aligned_dupMarked.bam	6014812.0	12061741.0	8002060.0	3488199.0	156043.0	188469.0	0.15	3488199.0	277088.0	127388.0	134554.0
S_4_0_S115920	data_processed/star_aligned_dup_marked/S_4_0_S115920_star_aligned_dupMarked.bam	7319728.0	15289641.0	10660086.0	3808589.0	171234.0	318637.0	0.46	3808589.0	413531.0	223135.0	129810.0
S_50_0_S106479	data_processed/star_aligned_dup_marked/S_50_0_S106479_star_aligned_dupMarked.bam	4494381.0	9332567.0	6367372.0	2552282.0	113458.0	128102.0	0.17	2552282.0	192471.0	97467.0	102540.0
S_51_0_S106482	data_processed/star_aligned_dup_marked/S_51_0_S106482_star_aligned_dupMarked.bam	5004603.0	10433920.0	7128565.0	2835893.0	129466.0	150942.0	0.13	2835893.0	219322.0	110220.0	115393.0
S_52_0_S106481	data_processed/star_aligned_dup_marked/S_52_0_S106481_star_aligned_dupMarked.bam	4635965.0	9469242.0	6374308.0	2640300.0	117307.0	149061.0	0.28	2640300.0	219334.0	109219.0	104721.0
S_53_0_S106484	data_processed/star_aligned_dup_marked/S_53_0_S106484_star_aligned_dupMarked.bam	4586486.0	9539647.0	6521851.0	2563708.0	115798.0	128272.0	0.3	2563708.0	218316.0	110367.0	104679.0
S_54_0_S106483	data_processed/star_aligned_dup_marked/S_54_0_S106483_star_aligned_dupMarked.bam	5222610.0	10891741.0	7464381.0	2922385.0	134543.0	143573.0	0.28	2922385.0	233023.0	126073.0	119754.0
S_55_0_S106486	data_processed/star_aligned_dup_marked/S_55_0_S106486_star_aligned_dupMarked.bam	4540832.0	9573333.0	6603987.0	2513384.0	117218.0	116498.0	0.18	2513384.0	218288.0	110318.0	98591.0
S_56_0_S106485	data_processed/star_aligned_dup_marked/S_56_0_S106485_star_aligned_dupMarked.bam	4728824.0	9770247.0	6625205.0	2630256.0	106283.0	191592.0	0.19	2630256.0	279166.0	121947.0	112150.0
S_57_0_S106488	data_processed/star_aligned_dup_marked/S_57_0_S106488_star_aligned_dupMarked.bam	5113196.0	10597793.0	7219893.0	2855955.0	128594.0	152235.0	0.19	2855955.0	252747.0	129415.0	115458.0
S_58_0_S106487	data_processed/star_aligned_dup_marked/S_58_0_S106487_star_aligned_dupMarked.bam	5352763.0	10928464.0	7359304.0	3032145.0	134883.0	177516.0	0.16	3032145.0	270301.0	120764.0	124936.0
S_59_0_S106490	data_processed/star_aligned_dup_marked/S_59_0_S106490_star_aligned_dupMarked.bam	5175881.0	10366738.0	6847327.0	2911540.0	126116.0	178498.0	0.19	2911540.0	351757.0	120447.0	117746.0
S_5_0_S106448	data_processed/star_aligned_dup_marked/S_5_0_S106448_star_aligned_dupMarked.bam	4857451.0	9909415.0	6672046.0	2767048.0	127325.0	130133.0	0.24	2767048.0	226411.0	106204.0	110169.0
S_5_0_S115923	data_processed/star_aligned_dup_marked/S_5_0_S115923_star_aligned_dupMarked.bam	7358690.0	16532642.0	11926985.0	3771249.0	173635.0	411763.0	0.67	3771249.0	459955.0	187482.0	134024.0
S_60_0_S106489	data_processed/star_aligned_dup_marked/S_60_0_S106489_star_aligned_dupMarked.bam	4551755.0	9322420.0	6324091.0	2504134.0	102707.0	145085.0	0.14	2504134.0	263627.0	116075.0	107352.0
S_61_0_S106492	data_processed/star_aligned_dup_marked/S_61_0_S106492_star_aligned_dupMarked.bam	5518155.0	11539367.0	7888843.0	3021415.0	136968.0	194925.0	0.15	3021415.0	343235.0	138024.0	128997.0
S_62_0_S106491	data_processed/star_aligned_dup_marked/S_62_0_S106491_star_aligned_dupMarked.bam	4430154.0	9431004.0	6535036.0	2472732.0	117638.0	137472.0	0.2	2472732.0	193895.0	101333.0	102835.0
S_63_0_S106494	data_processed/star_aligned_dup_marked/S_63_0_S106494_star_aligned_dupMarked.bam	5010460.0	10605234.0	7322621.0	2720631.0	127346.0	149892.0	0.28	2720631.0	294737.0	128867.0	115343.0
S_64_0_S106493	data_processed/star_aligned_dup_marked/S_64_0_S106493_star_aligned_dupMarked.bam	5530651.0	11230422.0	7499056.0	3176087.0	142687.0	161236.0	0.22	3176087.0	280655.0	121216.0	125054.0
S_65_0_S106496	data_processed/star_aligned_dup_marked/S_65_0_S106496_star_aligned_dupMarked.bam	4757258.0	9648737.0	6436640.0	2738152.0	124689.0	135843.0	0.25	2738152.0	235290.0	104423.0	109897.0
S_66_0_S106495	data_processed/star_aligned_dup_marked/S_66_0_S106495_star_aligned_dupMarked.bam	5417752.0	10856783.0	7187567.0	3104100.0	137269.0	165928.0	0.3	3104100.0	288249.0	129493.0	126153.0
S_67_0_S106498	data_processed/star_aligned_dup_marked/S_67_0_S106498_star_aligned_dupMarked.bam	4756400.0	9662834.0	6469729.0	2706377.0	122598.0	133032.0	0.22	2706377.0	248322.0	106515.0	107264.0
S_68_0_S106497	data_processed/star_aligned_dup_marked/S_68_0_S106497_star_aligned_dupMarked.bam	4626141.0	9793947.0	6775683.0	2515904.0	116742.0	135373.0	0.25	2515904.0	261065.0	113900.0	103694.0
S_69_0_S106500	data_processed/star_aligned_dup_marked/S_69_0_S106500_star_aligned_dupMarked.bam	4755188.0	10537434.0	7557288.0	2389141.0	111780.0	161559.0	0.15	2389141.0	336831.0	128436.0	108699.0
S_6_0_S106447	data_processed/star_aligned_dup_marked/S_6_0_S106447_star_aligned_dupMarked.bam	4718866.0	9570567.0	6403057.0	2727933.0	123791.0	126454.0	0.29	2727933.0	205668.0	100884.0	108507.0
S_6_0_S115922	data_processed/star_aligned_dup_marked/S_6_0_S115922_star_aligned_dupMarked.bam	7035612.0	15867131.0	11508875.0	3582710.0	168897.0	353724.0	0.62	3582710.0	418102.0	173586.0	128273.0
S_70_0_S106499	data_processed/star_aligned_dup_marked/S_70_0_S106499_star_aligned_dupMarked.bam	4218564.0	8791370.0	5973189.0	2364715.0	111474.0	117019.0	0.26	2364715.0	237161.0	95974.0	98476.0
S_71_0_S106502	data_processed/star_aligned_dup_marked/S_71_0_S106502_star_aligned_dupMarked.bam	4445341.0	9267786.0	6294797.0	2514617.0	118040.0	109817.0	0.3	2514617.0	229604.0	101767.0	103309.0
S_72_0_S106501	data_processed/star_aligned_dup_marked/S_72_0_S106501_star_aligned_dupMarked.bam	4987545.0	10370272.0	7032686.0	2824920.0	130901.0	177454.0	0.25	2824920.0	260944.0	110856.0	110281.0
S_73_0_S106504	data_processed/star_aligned_dup_marked/S_73_0_S106504_star_aligned_dupMarked.bam	5130546.0	10623371.0	7198781.0	2893203.0	129566.0	170468.0	0.25	2893203.0	273847.0	117398.0	120326.0
S_74_0_S106503	data_processed/star_aligned_dup_marked/S_74_0_S106503_star_aligned_dupMarked.bam	4301340.0	8997352.0	6136341.0	2406987.0	108389.0	193880.0	0.35	2406987.0	232755.0	104289.0	98318.0
S_75_0_S106506	data_processed/star_aligned_dup_marked/S_75_0_S106506_star_aligned_dupMarked.bam	4302159.0	9072573.0	6218623.0	2399342.0	110004.0	141744.0	0.22	2399342.0	233516.0	102150.0	98952.0
S_76_0_S106505	data_processed/star_aligned_dup_marked/S_76_0_S106505_star_aligned_dupMarked.bam	4046638.0	8549436.0	5819299.0	2315347.0	111909.0	118859.0	0.7	2315347.0	192538.0	102033.0	91561.0
S_77_0_S106508	data_processed/star_aligned_dup_marked/S_77_0_S106508_star_aligned_dupMarked.bam	5086307.0	10587750.0	7160491.0	2872378.0	130521.0	162705.0	0.31	2872378.0	276147.0	138646.0	119294.0
S_78_0_S106507	data_processed/star_aligned_dup_marked/S_78_0_S106507_star_aligned_dupMarked.bam	4347737.0	9075762.0	6152692.0	2490249.0	117641.0	120860.0	0.32	2490249.0	200128.0	106074.0	99031.0
S_79_0_S106510	data_processed/star_aligned_dup_marked/S_79_0_S106510_star_aligned_dupMarked.bam	5402062.0	11280526.0	7670512.0	3077084.0	144371.0	145182.0	0.29	3077084.0	246212.0	131444.0	128543.0
S_7_0_S106450	data_processed/star_aligned_dup_marked/S_7_0_S106450_star_aligned_dupMarked.bam	4087157.0	8329155.0	5593983.0	2346721.0	108622.0	104998.0	0.18	2346721.0	186676.0	85157.0	92315.0
S_7_0_S115925	data_processed/star_aligned_dup_marked/S_7_0_S115925_star_aligned_dupMarked.bam	6703887.0	15707741.0	11638830.0	3479913.0	152911.0	227314.0	0.42	3479913.0	273584.0	155698.0	126386.0
S_80_0_S106509	data_processed/star_aligned_dup_marked/S_80_0_S106509_star_aligned_dupMarked.bam	5501773.0	11327390.0	7629493.0	3135545.0	139293.0	155533.0	0.37	3135545.0	280806.0	131804.0	124791.0
S_81_0_S106512	data_processed/star_aligned_dup_marked/S_81_0_S106512_star_aligned_dupMarked.bam	4865688.0	10127966.0	6879886.0	2726982.0	121173.0	130318.0	0.21	2726982.0	264033.0	125397.0	111740.0
S_82_0_S106511	data_processed/star_aligned_dup_marked/S_82_0_S106511_star_aligned_dupMarked.bam	4160242.0	8404114.0	5598089.0	2367288.0	104044.0	115285.0	0.26	2367288.0	231928.0	94561.0	95708.0
S_83_0_S106514	data_processed/star_aligned_dup_marked/S_83_0_S106514_star_aligned_dupMarked.bam	5157143.0	10517667.0	7035890.0	2964210.0	129934.0	137560.0	0.23	2964210.0	265023.0	111976.0	118887.0
S_84_0_S106513	data_processed/star_aligned_dup_marked/S_84_0_S106513_star_aligned_dupMarked.bam	4320778.0	8752037.0	5845673.0	2438873.0	109426.0	118096.0	0.15	2438873.0	252425.0	96979.0	98988.0
S_85_0_S106516	data_processed/star_aligned_dup_marked/S_85_0_S106516_star_aligned_dupMarked.bam	5061700.0	10411833.0	7027050.0	2839742.0	125567.0	153582.0	0.2	2839742.0	285705.0	123895.0	118861.0
S_86_0_S106515	data_processed/star_aligned_dup_marked/S_86_0_S106515_star_aligned_dupMarked.bam	4402940.0	9113875.0	6149724.0	2464733.0	111577.0	129200.0	0.14	2464733.0	267753.0	111426.0	101989.0
S_87_0_S106518	data_processed/star_aligned_dup_marked/S_87_0_S106518_star_aligned_dupMarked.bam	4761589.0	9883161.0	6698523.0	2614503.0	118169.0	137439.0	0.22	2614503.0	309582.0	132961.0	112003.0
S_88_0_S106517	data_processed/star_aligned_dup_marked/S_88_0_S106517_star_aligned_dupMarked.bam	4339120.0	8907750.0	5996313.0	2428997.0	110286.0	123393.0	0.25	2428997.0	252748.0	110364.0	96401.0
S_89_0_S106520	data_processed/star_aligned_dup_marked/S_89_0_S106520_star_aligned_dupMarked.bam	5468738.0	11318865.0	7671715.0	3029272.0	131309.0	134834.0	0.2	3029272.0	325333.0	149730.0	127977.0
S_8_0_S106449	data_processed/star_aligned_dup_marked/S_8_0_S106449_star_aligned_dupMarked.bam	4815376.0	9790722.0	6577665.0	2760821.0	126696.0	145936.0	0.27	2760821.0	211132.0	104988.0	109455.0
S_8_0_S115924	data_processed/star_aligned_dup_marked/S_8_0_S115924_star_aligned_dupMarked.bam	8780102.0	19539906.0	13939947.0	4648055.0	201191.0	399552.0	0.43	4648055.0	509388.0	222241.0	176516.0
S_90_0_S106519	data_processed/star_aligned_dup_marked/S_90_0_S106519_star_aligned_dupMarked.bam	4503701.0	9397378.0	6365841.0	2525031.0	120140.0	144982.0	0.36	2525031.0	249812.0	126796.0	102562.0
S_91_0_S106522	data_processed/star_aligned_dup_marked/S_91_0_S106522_star_aligned_dupMarked.bam	3727502.0	7763367.0	5251958.0	2072573.0	94080.0	134368.0	0.35	2072573.0	231249.0	105397.0	84074.0
S_92_0_S106521	data_processed/star_aligned_dup_marked/S_92_0_S106521_star_aligned_dupMarked.bam	3964716.0	8252520.0	5560168.0	2214691.0	100422.0	151200.0	0.29	2214691.0	255809.0	112235.0	89789.0
S_93_0_S106524	data_processed/star_aligned_dup_marked/S_93_0_S106524_star_aligned_dupMarked.bam	4138831.0	8819762.0	6078569.0	2225207.0	102645.0	154621.0	0.38	2225207.0	278625.0	124693.0	91681.0
S_94_0_S106523	data_processed/star_aligned_dup_marked/S_94_0_S106523_star_aligned_dupMarked.bam	3524283.0	7192738.0	4823417.0	1994451.0	95974.0	87950.0	0.27	1994451.0	193531.0	76986.0	76716.0
S_95_0_S106526	data_processed/star_aligned_dup_marked/S_95_0_S106526_star_aligned_dupMarked.bam	4156438.0	8432952.0	5618539.0	2375761.0	111908.0	111021.0	0.21	2375761.0	221620.0	95619.0	95549.0
S_96_0_S106525	data_processed/star_aligned_dup_marked/S_96_0_S106525_star_aligned_dupMarked.bam	3841824.0	7817390.0	5207396.0	2227925.0	102616.0	131904.0	0.25	2227925.0	191712.0	79036.0	85711.0
S_97_0_S106528	data_processed/star_aligned_dup_marked/S_97_0_S106528_star_aligned_dupMarked.bam	4377305.0	9073376.0	6131975.0	2507007.0	116151.0	151542.0	0.32	2507007.0	210480.0	96953.0	99731.0
S_98_0_S106527	data_processed/star_aligned_dup_marked/S_98_0_S106527_star_aligned_dupMarked.bam	4648784.0	9505415.0	6384401.0	2648552.0	122344.0	145866.0	0.28	2648552.0	239068.0	101044.0	106727.0
S_99_0_S106530	data_processed/star_aligned_dup_marked/S_99_0_S106530_star_aligned_dupMarked.bam	4236760.0	8695988.0	5831901.0	2426030.0	111502.0	130518.0	0.25	2426030.0	223037.0	93850.0	93188.0
S_9_0_S106452	data_processed/star_aligned_dup_marked/S_9_0_S106452_star_aligned_dupMarked.bam	4391521.0	8945859.0	5995699.0	2523397.0	119140.0	123584.0	0.25	2523397.0	206025.0	92810.0	98832.0
S_9_0_S115927	data_processed/star_aligned_dup_marked/S_9_0_S115927_star_aligned_dupMarked.bam	7142585.0	15837735.0	11322529.0	3836667.0	193866.0	250304.0	0.92	3836667.0	308575.0	161465.0	133916.0
